20
198.0 242.0 0
278.0 316.0 0
59.0 105.0 0
150.0 202.0 0
244.0 253.0 0
142.0 166.0 0
13.0 57.0 0
97.0 163.0 0
4.0 19.0 0
73.0 98.0 0
0.0 22.0 0
156.0 191.0 0
78.0 102.0 0
9.0 36.0 0
74.0 136.0 0
182.0 231.0 0
57.0 87.0 0
300.0 341.0 0
209.0 242.0 0
236.0 298.0 0
0.0 40.0 45.0 13.0 24.0 38.0 14.0 23.0 9.0 5.0 21.0 8.0 37.0 15.0 12.0 17.0 41.0 7.0 30.0 25.0 26.0
40.0 0.0 10.0 37.0 27.0 24.0 25.0 51.0 38.0 40.0 40.0 47.0 24.0 29.0 39.0 39.0 14.0 47.0 31.0 14.0 15.0
45.0 10.0 0.0 39.0 36.0 34.0 31.0 59.0 46.0 46.0 41.0 53.0 34.0 32.0 47.0 40.0 24.0 52.0 41.0 20.0 23.0
13.0 37.0 39.0 0.0 30.0 41.0 13.0 36.0 21.0 18.0 8.0 18.0 41.0 8.0 24.0 4.0 41.0 19.0 38.0 23.0 26.0
24.0 27.0 36.0 30.0 0.0 14.0 18.0 25.0 17.0 20.0 38.0 30.0 13.0 25.0 16.0 34.0 20.0 29.0 8.0 19.0 13.0
38.0 24.0 34.0 41.0 14.0 0.0 28.0 37.0 31.0 34.0 48.0 44.0 1.0 35.0 30.0 45.0 10.0 43.0 11.0 23.0 17.0
14.0 25.0 31.0 13.0 18.0 28.0 0.0 31.0 16.0 15.0 20.0 22.0 28.0 7.0 18.0 17.0 28.0 21.0 26.0 11.0 13.0
23.0 51.0 59.0 36.0 25.0 37.0 31.0 0.0 15.0 18.0 44.0 20.0 36.0 36.0 13.0 40.0 45.0 19.0 26.0 40.0 36.0
9.0 38.0 46.0 21.0 17.0 31.0 16.0 15.0 0.0 4.0 29.0 13.0 30.0 21.0 3.0 25.0 36.0 12.0 22.0 26.0 23.0
5.0 40.0 46.0 18.0 20.0 34.0 15.0 18.0 4.0 0.0 26.0 10.0 33.0 18.0 7.0 22.0 38.0 9.0 26.0 26.0 25.0
21.0 40.0 41.0 8.0 38.0 48.0 20.0 44.0 29.0 26.0 0.0 25.0 47.0 13.0 32.0 4.0 46.0 26.0 46.0 27.0 31.0
8.0 47.0 53.0 18.0 30.0 44.0 22.0 20.0 13.0 10.0 25.0 0.0 43.0 23.0 15.0 21.0 48.0 1.0 35.0 33.0 34.0
37.0 24.0 34.0 41.0 13.0 1.0 28.0 36.0 30.0 33.0 47.0 43.0 0.0 34.0 29.0 44.0 11.0 42.0 10.0 23.0 17.0
15.0 29.0 32.0 8.0 25.0 35.0 7.0 36.0 21.0 18.0 13.0 23.0 34.0 0.0 24.0 10.0 33.0 22.0 33.0 15.0 18.0
12.0 39.0 47.0 24.0 16.0 30.0 18.0 13.0 3.0 7.0 32.0 15.0 29.0 24.0 0.0 28.0 36.0 14.0 20.0 27.0 24.0
17.0 39.0 40.0 4.0 34.0 45.0 17.0 40.0 25.0 22.0 4.0 21.0 44.0 10.0 28.0 0.0 43.0 22.0 42.0 25.0 28.0
41.0 14.0 24.0 41.0 20.0 10.0 28.0 45.0 36.0 38.0 46.0 48.0 11.0 33.0 36.0 43.0 0.0 47.0 21.0 19.0 15.0
7.0 47.0 52.0 19.0 29.0 43.0 21.0 19.0 12.0 9.0 26.0 1.0 42.0 22.0 14.0 22.0 47.0 0.0 34.0 32.0 33.0
30.0 31.0 41.0 38.0 8.0 11.0 26.0 26.0 22.0 26.0 46.0 35.0 10.0 33.0 20.0 42.0 21.0 34.0 0.0 26.0 20.0
25.0 14.0 20.0 23.0 19.0 23.0 11.0 40.0 26.0 26.0 27.0 33.0 23.0 15.0 27.0 25.0 19.0 32.0 26.0 0.0 6.0
26.0 15.0 23.0 26.0 13.0 17.0 13.0 36.0 23.0 25.0 31.0 34.0 17.0 18.0 24.0 28.0 15.0 33.0 20.0 6.0 0.0
