20
0.0 321.0 0
40.0 46.0 0
247.0 297.0 0
61.0 89.0 0
0.0 56.0 0
96.0 125.0 0
153.0 212.0 0
36.0 112.0 0
0.0 82.0 0
107.0 139.0 0
75.0 141.0 0
156.0 204.0 0
12.0 75.0 0
251.0 301.0 0
154.0 196.0 0
41.0 77.0 0
191.0 243.0 0
68.0 129.0 0
0.0 41.0 0
0.0 12.0 0
0.0 31.0 24.0 41.0 6.0 49.0 23.0 42.0 26.0 42.0 40.0 36.0 25.0 10.0 21.0 34.0 23.0 39.0 11.0 3.0 31.0
31.0 0.0 42.0 26.0 27.0 38.0 44.0 21.0 6.0 41.0 22.0 44.0 12.0 21.0 35.0 15.0 11.0 24.0 23.0 28.0 13.0
24.0 42.0 0.0 38.0 29.0 38.0 3.0 42.0 36.0 25.0 38.0 16.0 30.0 29.0 7.0 36.0 31.0 36.0 33.0 24.0 34.0
41.0 26.0 38.0 0.0 41.0 12.0 41.0 8.0 23.0 21.0 4.0 29.0 19.0 35.0 31.0 11.0 21.0 2.0 40.0 39.0 13.0
6.0 27.0 29.0 41.0 0.0 50.0 29.0 41.0 22.0 44.0 39.0 41.0 23.0 6.0 26.0 33.0 21.0 39.0 5.0 5.0 29.0
49.0 38.0 38.0 12.0 50.0 0.0 41.0 19.0 34.0 15.0 16.0 26.0 30.0 45.0 33.0 23.0 32.0 14.0 50.0 47.0 25.0
23.0 44.0 3.0 41.0 29.0 41.0 0.0 45.0 38.0 28.0 41.0 19.0 33.0 30.0 10.0 39.0 33.0 39.0 33.0 24.0 37.0
42.0 21.0 42.0 8.0 41.0 19.0 45.0 0.0 20.0 28.0 5.0 36.0 17.0 34.0 35.0 8.0 19.0 7.0 38.0 39.0 11.0
26.0 6.0 36.0 23.0 22.0 34.0 38.0 20.0 0.0 36.0 19.0 38.0 6.0 16.0 29.0 12.0 5.0 20.0 20.0 23.0 9.0
42.0 41.0 25.0 21.0 44.0 15.0 28.0 28.0 36.0 0.0 23.0 11.0 30.0 41.0 21.0 28.0 32.0 21.0 46.0 40.0 28.0
40.0 22.0 38.0 4.0 39.0 16.0 41.0 5.0 19.0 23.0 0.0 31.0 16.0 33.0 31.0 7.0 18.0 2.0 37.0 38.0 10.0
36.0 44.0 16.0 29.0 41.0 26.0 19.0 36.0 38.0 11.0 31.0 0.0 32.0 39.0 15.0 33.0 34.0 29.0 44.0 36.0 33.0
25.0 12.0 30.0 19.0 23.0 30.0 33.0 17.0 6.0 30.0 16.0 32.0 0.0 17.0 23.0 9.0 2.0 17.0 21.0 22.0 6.0
10.0 21.0 29.0 35.0 6.0 45.0 30.0 34.0 16.0 41.0 33.0 39.0 17.0 0.0 24.0 26.0 15.0 33.0 5.0 7.0 23.0
21.0 35.0 7.0 31.0 26.0 33.0 10.0 35.0 29.0 21.0 31.0 15.0 23.0 24.0 0.0 29.0 24.0 29.0 29.0 21.0 27.0
34.0 15.0 36.0 11.0 33.0 23.0 39.0 8.0 12.0 28.0 7.0 33.0 9.0 26.0 29.0 0.0 11.0 9.0 30.0 31.0 3.0
23.0 11.0 31.0 21.0 21.0 32.0 33.0 19.0 5.0 32.0 18.0 34.0 2.0 15.0 24.0 11.0 0.0 19.0 19.0 20.0 8.0
39.0 24.0 36.0 2.0 39.0 14.0 39.0 7.0 20.0 21.0 2.0 29.0 17.0 33.0 29.0 9.0 19.0 0.0 38.0 37.0 11.0
11.0 23.0 33.0 40.0 5.0 50.0 33.0 38.0 20.0 46.0 37.0 44.0 21.0 5.0 29.0 30.0 19.0 38.0 0.0 9.0 27.0
3.0 28.0 24.0 39.0 5.0 47.0 24.0 39.0 23.0 40.0 38.0 36.0 22.0 7.0 21.0 31.0 20.0 37.0 9.0 0.0 28.0
31.0 13.0 34.0 13.0 29.0 25.0 37.0 11.0 9.0 28.0 10.0 33.0 6.0 23.0 27.0 3.0 8.0 11.0 27.0 28.0 0.0
