20
0.0 74.0 0
205.0 257.0 0
19.0 87.0 0
22.0 67.0 0
29.0 103.0 0
48.0 76.0 0
2.0 92.0 0
212.0 257.0 0
154.0 236.0 0
0.0 22.0 0
0.0 79.0 0
120.0 222.0 0
84.0 120.0 0
53.0 155.0 0
151.0 182.0 0
89.0 182.0 0
319.0 351.0 0
322.0 396.0 0
0.0 60.0 0
245.0 331.0 0
0.0 15.0 8.0 31.0 17.0 15.0 35.0 29.0 32.0 28.0 7.0 20.0 24.0 3.0 19.0 24.0 9.0 33.0 39.0 7.0 30.0
15.0 0.0 21.0 18.0 8.0 6.0 21.0 14.0 25.0 35.0 14.0 13.0 30.0 13.0 15.0 25.0 17.0 19.0 32.0 8.0 31.0
8.0 21.0 0.0 39.0 25.0 23.0 42.0 35.0 33.0 22.0 15.0 28.0 18.0 8.0 27.0 22.0 15.0 40.0 39.0 13.0 27.0
31.0 18.0 39.0 0.0 14.0 16.0 6.0 8.0 36.0 53.0 28.0 15.0 48.0 31.0 19.0 42.0 31.0 2.0 43.0 26.0 47.0
17.0 8.0 25.0 14.0 0.0 2.0 19.0 13.0 33.0 42.0 14.0 5.0 37.0 17.0 8.0 33.0 17.0 16.0 40.0 12.0 39.0
15.0 6.0 23.0 16.0 2.0 0.0 21.0 15.0 31.0 39.0 12.0 7.0 35.0 15.0 9.0 31.0 15.0 18.0 38.0 10.0 37.0
35.0 21.0 42.0 6.0 19.0 21.0 0.0 7.0 34.0 54.0 33.0 20.0 49.0 34.0 24.0 41.0 36.0 4.0 40.0 29.0 46.0
29.0 14.0 35.0 8.0 13.0 15.0 7.0 0.0 28.0 47.0 27.0 17.0 42.0 27.0 21.0 35.0 30.0 7.0 35.0 22.0 39.0
32.0 25.0 33.0 36.0 33.0 31.0 34.0 28.0 0.0 28.0 36.0 38.0 25.0 29.0 40.0 14.0 39.0 35.0 7.0 27.0 15.0
28.0 35.0 22.0 53.0 42.0 39.0 54.0 47.0 28.0 0.0 35.0 46.0 5.0 26.0 46.0 14.0 37.0 54.0 31.0 29.0 14.0
7.0 14.0 15.0 28.0 14.0 12.0 33.0 27.0 36.0 35.0 0.0 14.0 31.0 10.0 12.0 31.0 3.0 30.0 43.0 9.0 37.0
20.0 13.0 28.0 15.0 5.0 7.0 20.0 17.0 38.0 46.0 14.0 0.0 42.0 21.0 4.0 38.0 16.0 17.0 45.0 17.0 44.0
24.0 30.0 18.0 48.0 37.0 35.0 49.0 42.0 25.0 5.0 31.0 42.0 0.0 21.0 42.0 11.0 33.0 49.0 28.0 25.0 12.0
3.0 13.0 8.0 31.0 17.0 15.0 34.0 27.0 29.0 26.0 10.0 21.0 21.0 0.0 21.0 21.0 12.0 32.0 36.0 5.0 27.0
19.0 15.0 27.0 19.0 8.0 9.0 24.0 21.0 40.0 46.0 12.0 4.0 42.0 21.0 0.0 40.0 13.0 21.0 47.0 17.0 46.0
24.0 25.0 22.0 42.0 33.0 31.0 41.0 35.0 14.0 14.0 31.0 38.0 11.0 21.0 40.0 0.0 33.0 42.0 18.0 23.0 6.0
9.0 17.0 15.0 31.0 17.0 15.0 36.0 30.0 39.0 37.0 3.0 16.0 33.0 12.0 13.0 33.0 0.0 33.0 46.0 12.0 39.0
33.0 19.0 40.0 2.0 16.0 18.0 4.0 7.0 35.0 54.0 30.0 17.0 49.0 32.0 21.0 42.0 33.0 0.0 42.0 27.0 46.0
39.0 32.0 39.0 43.0 40.0 38.0 40.0 35.0 7.0 31.0 43.0 45.0 28.0 36.0 47.0 18.0 46.0 42.0 0.0 34.0 17.0
7.0 8.0 13.0 26.0 12.0 10.0 29.0 22.0 27.0 29.0 9.0 17.0 25.0 5.0 17.0 23.0 12.0 27.0 34.0 0.0 29.0
30.0 31.0 27.0 47.0 39.0 37.0 46.0 39.0 15.0 14.0 37.0 44.0 12.0 27.0 46.0 6.0 39.0 46.0 17.0 29.0 0.0
