20
165.0 272.0 0
80.0 148.0 0
0.0 36.0 0
82.0 191.0 0
220.0 303.0 0
184.0 265.0 0
102.0 155.0 0
308.0 359.0 0
2.0 69.0 0
5.0 149.0 0
33.0 142.0 0
114.0 163.0 0
0.0 125.0 0
66.0 156.0 0
0.0 40.0 0
17.0 60.0 0
288.0 385.0 0
129.0 238.0 0
50.0 98.0 0
286.0 294.0 0
0.0 31.0 22.0 12.0 25.0 4.0 15.0 18.0 29.0 14.0 38.0 22.0 8.0 25.0 29.0 6.0 25.0 41.0 25.0 27.0 27.0
31.0 0.0 47.0 32.0 44.0 34.0 18.0 49.0 12.0 18.0 36.0 39.0 38.0 28.0 33.0 25.0 11.0 41.0 51.0 19.0 42.0
22.0 47.0 0.0 34.0 8.0 22.0 29.0 17.0 40.0 30.0 36.0 12.0 14.0 25.0 26.0 28.0 37.0 35.0 4.0 35.0 14.0
12.0 32.0 34.0 0.0 37.0 12.0 21.0 24.0 34.0 19.0 48.0 34.0 20.0 35.0 40.0 9.0 30.0 51.0 37.0 34.0 39.0
25.0 44.0 8.0 37.0 0.0 25.0 27.0 24.0 35.0 29.0 28.0 5.0 18.0 18.0 18.0 30.0 33.0 27.0 11.0 29.0 6.0
4.0 34.0 22.0 12.0 25.0 0.0 19.0 15.0 33.0 18.0 41.0 23.0 8.0 28.0 32.0 9.0 29.0 44.0 25.0 31.0 28.0
15.0 18.0 29.0 21.0 27.0 19.0 0.0 32.0 14.0 2.0 28.0 22.0 20.0 16.0 21.0 12.0 10.0 32.0 33.0 13.0 26.0
18.0 49.0 17.0 24.0 24.0 15.0 32.0 0.0 45.0 31.0 48.0 25.0 12.0 36.0 38.0 24.0 42.0 49.0 17.0 43.0 30.0
29.0 12.0 40.0 34.0 35.0 33.0 14.0 45.0 0.0 15.0 24.0 30.0 33.0 18.0 22.0 25.0 4.0 29.0 44.0 7.0 32.0
14.0 18.0 30.0 19.0 29.0 18.0 2.0 31.0 15.0 0.0 30.0 24.0 20.0 18.0 23.0 10.0 11.0 34.0 34.0 15.0 28.0
38.0 36.0 36.0 48.0 28.0 41.0 28.0 48.0 24.0 30.0 0.0 24.0 38.0 13.0 10.0 39.0 25.0 5.0 39.0 17.0 22.0
22.0 39.0 12.0 34.0 5.0 23.0 22.0 25.0 30.0 24.0 24.0 0.0 17.0 13.0 14.0 26.0 28.0 24.0 15.0 24.0 5.0
8.0 38.0 14.0 20.0 18.0 8.0 20.0 12.0 33.0 20.0 38.0 17.0 0.0 25.0 28.0 14.0 30.0 39.0 17.0 31.0 22.0
25.0 28.0 25.0 35.0 18.0 28.0 16.0 36.0 18.0 18.0 13.0 13.0 25.0 0.0 5.0 26.0 17.0 16.0 28.0 11.0 14.0
29.0 33.0 26.0 40.0 18.0 32.0 21.0 38.0 22.0 23.0 10.0 14.0 28.0 5.0 0.0 31.0 22.0 12.0 29.0 15.0 13.0
6.0 25.0 28.0 9.0 30.0 9.0 12.0 24.0 25.0 10.0 39.0 26.0 14.0 26.0 31.0 0.0 21.0 42.0 31.0 25.0 31.0
25.0 11.0 37.0 30.0 33.0 29.0 10.0 42.0 4.0 11.0 25.0 28.0 30.0 17.0 22.0 21.0 0.0 30.0 41.0 8.0 31.0
41.0 41.0 35.0 51.0 27.0 44.0 32.0 49.0 29.0 34.0 5.0 24.0 39.0 16.0 12.0 42.0 30.0 0.0 38.0 22.0 21.0
25.0 51.0 4.0 37.0 11.0 25.0 33.0 17.0 44.0 34.0 39.0 15.0 17.0 28.0 29.0 31.0 41.0 38.0 0.0 39.0 17.0
27.0 19.0 35.0 34.0 29.0 31.0 13.0 43.0 7.0 15.0 17.0 24.0 31.0 11.0 15.0 25.0 8.0 22.0 39.0 0.0 25.0
27.0 42.0 14.0 39.0 6.0 28.0 26.0 30.0 32.0 28.0 22.0 5.0 22.0 14.0 13.0 31.0 31.0 21.0 17.0 25.0 0.0
