20
0.0 183.0 0
0.0 167.0 0
106.0 310.0 0
0.0 208.0 0
0.0 140.0 0
19.0 203.0 0
171.0 330.0 0
0.0 133.0 0
0.0 83.0 0
0.0 174.0 0
0.0 75.0 0
148.0 380.0 0
66.0 235.0 0
31.0 232.0 0
0.0 176.0 0
0.0 206.0 0
84.0 321.0 0
97.0 263.0 0
193.0 427.0 0
220.0 408.0 0
0.0 26.0 12.0 34.0 25.0 31.0 27.0 42.0 22.0 3.0 15.0 10.0 37.0 38.0 12.0 18.0 18.0 42.0 21.0 27.0 39.0
26.0 0.0 15.0 22.0 4.0 5.0 9.0 38.0 4.0 26.0 26.0 17.0 13.0 35.0 34.0 23.0 10.0 27.0 27.0 5.0 13.0
12.0 15.0 0.0 25.0 14.0 20.0 15.0 36.0 11.0 11.0 13.0 2.0 25.0 32.0 19.0 18.0 10.0 32.0 17.0 17.0 28.0
34.0 22.0 25.0 0.0 26.0 22.0 13.0 16.0 22.0 32.0 21.0 26.0 17.0 14.0 32.0 42.0 30.0 8.0 17.0 27.0 31.0
25.0 4.0 14.0 26.0 0.0 8.0 13.0 41.0 4.0 25.0 26.0 16.0 17.0 38.0 33.0 19.0 7.0 31.0 28.0 3.0 14.0
31.0 5.0 20.0 22.0 8.0 0.0 10.0 38.0 9.0 31.0 29.0 22.0 9.0 36.0 38.0 27.0 15.0 25.0 30.0 8.0 10.0
27.0 9.0 15.0 13.0 13.0 10.0 0.0 29.0 9.0 26.0 20.0 17.0 10.0 26.0 31.0 30.0 17.0 18.0 20.0 14.0 20.0
42.0 38.0 36.0 16.0 41.0 38.0 29.0 0.0 37.0 39.0 27.0 36.0 33.0 4.0 36.0 54.0 43.0 18.0 21.0 43.0 47.0
22.0 4.0 11.0 22.0 4.0 9.0 9.0 37.0 0.0 22.0 22.0 13.0 16.0 34.0 30.0 21.0 8.0 27.0 24.0 7.0 17.0
3.0 26.0 11.0 32.0 25.0 31.0 26.0 39.0 22.0 0.0 12.0 9.0 36.0 35.0 9.0 21.0 20.0 40.0 18.0 28.0 39.0
15.0 26.0 13.0 21.0 26.0 29.0 20.0 27.0 22.0 12.0 0.0 12.0 30.0 23.0 11.0 30.0 23.0 29.0 6.0 29.0 39.0
10.0 17.0 2.0 26.0 16.0 22.0 17.0 36.0 13.0 9.0 12.0 0.0 27.0 32.0 17.0 18.0 12.0 33.0 17.0 19.0 30.0
37.0 13.0 25.0 17.0 17.0 9.0 10.0 33.0 16.0 36.0 30.0 27.0 0.0 31.0 41.0 36.0 23.0 17.0 30.0 17.0 14.0
38.0 35.0 32.0 14.0 38.0 36.0 26.0 4.0 34.0 35.0 23.0 32.0 31.0 0.0 32.0 50.0 40.0 18.0 17.0 40.0 45.0
12.0 34.0 19.0 32.0 33.0 38.0 31.0 36.0 30.0 9.0 11.0 17.0 41.0 32.0 0.0 30.0 29.0 40.0 16.0 36.0 47.0
18.0 23.0 18.0 42.0 19.0 27.0 30.0 54.0 21.0 21.0 30.0 18.0 36.0 50.0 30.0 0.0 13.0 48.0 35.0 20.0 31.0
18.0 10.0 10.0 30.0 7.0 15.0 17.0 43.0 8.0 20.0 23.0 12.0 23.0 40.0 29.0 13.0 0.0 35.0 27.0 9.0 21.0
42.0 27.0 32.0 8.0 31.0 25.0 18.0 18.0 27.0 40.0 29.0 33.0 17.0 18.0 40.0 48.0 35.0 0.0 25.0 32.0 31.0
21.0 27.0 17.0 17.0 28.0 30.0 20.0 21.0 24.0 18.0 6.0 17.0 30.0 17.0 16.0 35.0 27.0 25.0 0.0 31.0 40.0
27.0 5.0 17.0 27.0 3.0 8.0 14.0 43.0 7.0 28.0 29.0 19.0 17.0 40.0 36.0 20.0 9.0 32.0 31.0 0.0 12.0
39.0 13.0 28.0 31.0 14.0 10.0 20.0 47.0 17.0 39.0 39.0 30.0 14.0 45.0 47.0 31.0 21.0 31.0 40.0 12.0 0.0
