20
0.0 446.0 0
0.0 62.0 0
302.0 393.0 0
35.0 55.0 0
60.0 112.0 0
118.0 186.0 0
203.0 286.0 0
135.0 185.0 0
3.0 42.0 0
167.0 235.0 0
104.0 148.0 0
332.0 398.0 0
107.0 177.0 0
0.0 30.0 0
39.0 128.0 0
66.0 141.0 0
0.0 42.0 0
109.0 227.0 0
211.0 240.0 0
247.0 318.0 0
0.0 10.0 25.0 20.0 2.0 31.0 43.0 37.0 22.0 22.0 27.0 48.0 39.0 6.0 19.0 19.0 20.0 38.0 36.0 39.0 30.0
10.0 0.0 35.0 13.0 8.0 31.0 49.0 34.0 19.0 26.0 26.0 53.0 39.0 5.0 29.0 23.0 11.0 34.0 37.0 43.0 25.0
25.0 35.0 0.0 43.0 27.0 39.0 29.0 50.0 39.0 23.0 39.0 35.0 47.0 30.0 7.0 22.0 44.0 52.0 42.0 34.0 47.0
20.0 13.0 43.0 0.0 19.0 22.0 49.0 23.0 10.0 27.0 17.0 53.0 29.0 14.0 36.0 25.0 4.0 22.0 28.0 41.0 13.0
2.0 8.0 27.0 19.0 0.0 32.0 44.0 37.0 22.0 23.0 27.0 50.0 40.0 5.0 21.0 20.0 18.0 38.0 37.0 40.0 29.0
31.0 31.0 39.0 22.0 32.0 0.0 32.0 11.0 12.0 17.0 5.0 33.0 8.0 27.0 32.0 17.0 26.0 14.0 6.0 21.0 14.0
43.0 49.0 29.0 49.0 44.0 32.0 0.0 43.0 40.0 22.0 36.0 6.0 35.0 43.0 27.0 25.0 52.0 46.0 30.0 12.0 46.0
37.0 34.0 50.0 23.0 37.0 11.0 43.0 0.0 15.0 27.0 11.0 43.0 10.0 32.0 43.0 28.0 27.0 3.0 13.0 31.0 10.0
22.0 19.0 39.0 10.0 22.0 12.0 40.0 15.0 0.0 19.0 7.0 43.0 20.0 17.0 32.0 18.0 14.0 16.0 18.0 31.0 8.0
22.0 26.0 23.0 27.0 23.0 17.0 22.0 27.0 19.0 0.0 17.0 27.0 24.0 21.0 16.0 3.0 30.0 30.0 19.0 17.0 27.0
27.0 26.0 39.0 17.0 27.0 5.0 36.0 11.0 7.0 17.0 0.0 38.0 13.0 22.0 32.0 17.0 21.0 13.0 11.0 26.0 10.0
48.0 53.0 35.0 53.0 50.0 33.0 6.0 43.0 43.0 27.0 38.0 0.0 35.0 48.0 33.0 30.0 56.0 46.0 30.0 12.0 47.0
39.0 39.0 47.0 29.0 40.0 8.0 35.0 10.0 20.0 24.0 13.0 35.0 0.0 35.0 40.0 25.0 33.0 13.0 5.0 23.0 18.0
6.0 5.0 30.0 14.0 5.0 27.0 43.0 32.0 17.0 21.0 22.0 48.0 35.0 0.0 24.0 18.0 14.0 33.0 33.0 38.0 24.0
19.0 29.0 7.0 36.0 21.0 32.0 27.0 43.0 32.0 16.0 32.0 33.0 40.0 24.0 0.0 15.0 37.0 45.0 35.0 29.0 40.0
19.0 23.0 22.0 25.0 20.0 17.0 25.0 28.0 18.0 3.0 17.0 30.0 25.0 18.0 15.0 0.0 27.0 30.0 20.0 20.0 26.0
20.0 11.0 44.0 4.0 18.0 26.0 52.0 27.0 14.0 30.0 21.0 56.0 33.0 14.0 37.0 27.0 0.0 26.0 32.0 45.0 17.0
38.0 34.0 52.0 22.0 38.0 14.0 46.0 3.0 16.0 30.0 13.0 46.0 13.0 33.0 45.0 30.0 26.0 0.0 16.0 34.0 9.0
36.0 37.0 42.0 28.0 37.0 6.0 30.0 13.0 18.0 19.0 11.0 30.0 5.0 33.0 35.0 20.0 32.0 16.0 0.0 18.0 19.0
39.0 43.0 34.0 41.0 40.0 21.0 12.0 31.0 31.0 17.0 26.0 12.0 23.0 38.0 29.0 20.0 45.0 34.0 18.0 0.0 35.0
30.0 25.0 47.0 13.0 29.0 14.0 46.0 10.0 8.0 27.0 10.0 47.0 18.0 24.0 40.0 26.0 17.0 9.0 19.0 35.0 0.0
