20
0.0 372.0 0
50.0 100.0 0
0.0 77.0 0
94.0 287.0 0
250.0 327.0 0
26.0 188.0 0
189.0 273.0 0
285.0 322.0 0
0.0 116.0 0
20.0 130.0 0
54.0 228.0 0
0.0 76.0 0
93.0 135.0 0
0.0 56.0 0
48.0 202.0 0
115.0 188.0 0
146.0 285.0 0
142.0 212.0 0
0.0 106.0 0
85.0 191.0 0
0.0 14.0 17.0 45.0 45.0 28.0 44.0 42.0 16.0 34.0 23.0 10.0 31.0 12.0 40.0 38.0 54.0 38.0 22.0 24.0 26.0
14.0 0.0 9.0 41.0 33.0 21.0 40.0 28.0 19.0 21.0 9.0 15.0 20.0 10.0 27.0 37.0 46.0 32.0 8.0 20.0 27.0
17.0 9.0 0.0 32.0 27.0 12.0 31.0 27.0 13.0 19.0 14.0 13.0 14.0 6.0 23.0 28.0 38.0 23.0 11.0 11.0 19.0
45.0 41.0 32.0 0.0 25.0 20.0 3.0 39.0 31.0 35.0 43.0 36.0 26.0 33.0 32.0 14.0 17.0 9.0 40.0 21.0 23.0
45.0 33.0 27.0 25.0 0.0 19.0 27.0 16.0 37.0 16.0 30.0 39.0 13.0 33.0 10.0 35.0 17.0 18.0 28.0 26.0 36.0
28.0 21.0 12.0 20.0 19.0 0.0 19.0 25.0 18.0 19.0 23.0 21.0 10.0 16.0 19.0 21.0 26.0 11.0 20.0 7.0 17.0
44.0 40.0 31.0 3.0 27.0 19.0 0.0 40.0 29.0 36.0 42.0 34.0 27.0 32.0 33.0 11.0 20.0 10.0 39.0 20.0 20.0
42.0 28.0 27.0 39.0 16.0 25.0 40.0 0.0 40.0 8.0 21.0 40.0 15.0 33.0 7.0 46.0 33.0 31.0 20.0 31.0 41.0
16.0 19.0 13.0 31.0 37.0 18.0 29.0 40.0 0.0 32.0 27.0 6.0 26.0 9.0 36.0 22.0 42.0 26.0 24.0 11.0 10.0
34.0 21.0 19.0 35.0 16.0 19.0 36.0 8.0 32.0 0.0 14.0 32.0 9.0 25.0 7.0 40.0 33.0 26.0 13.0 24.0 34.0
23.0 9.0 14.0 43.0 30.0 23.0 42.0 21.0 27.0 14.0 0.0 24.0 18.0 18.0 21.0 42.0 44.0 34.0 3.0 24.0 33.0
10.0 15.0 13.0 36.0 39.0 21.0 34.0 40.0 6.0 32.0 24.0 0.0 27.0 7.0 36.0 28.0 46.0 30.0 22.0 15.0 16.0
31.0 20.0 14.0 26.0 13.0 10.0 27.0 15.0 26.0 9.0 18.0 27.0 0.0 20.0 10.0 31.0 26.0 17.0 15.0 16.0 26.0
12.0 10.0 6.0 33.0 33.0 16.0 32.0 33.0 9.0 25.0 18.0 7.0 20.0 0.0 29.0 28.0 42.0 26.0 15.0 12.0 17.0
40.0 27.0 23.0 32.0 10.0 19.0 33.0 7.0 36.0 7.0 21.0 36.0 10.0 29.0 0.0 39.0 27.0 24.0 20.0 26.0 36.0
38.0 37.0 28.0 14.0 35.0 21.0 11.0 46.0 22.0 40.0 42.0 28.0 31.0 28.0 39.0 0.0 31.0 17.0 38.0 17.0 12.0
54.0 46.0 38.0 17.0 17.0 26.0 20.0 33.0 42.0 33.0 44.0 46.0 26.0 42.0 27.0 31.0 0.0 17.0 41.0 31.0 37.0
38.0 32.0 23.0 9.0 18.0 11.0 10.0 31.0 26.0 26.0 34.0 30.0 17.0 26.0 24.0 17.0 17.0 0.0 31.0 15.0 20.0
22.0 8.0 11.0 40.0 28.0 20.0 39.0 20.0 24.0 13.0 3.0 22.0 15.0 15.0 20.0 38.0 41.0 31.0 0.0 21.0 30.0
24.0 20.0 11.0 21.0 26.0 7.0 20.0 31.0 11.0 24.0 24.0 15.0 16.0 12.0 26.0 17.0 31.0 15.0 21.0 0.0 10.0
26.0 27.0 19.0 23.0 36.0 17.0 20.0 41.0 10.0 34.0 33.0 16.0 26.0 17.0 36.0 12.0 37.0 20.0 30.0 10.0 0.0
