20
226.0 347.0 0
75.0 206.0 0
57.0 177.0 0
91.0 219.0 0
93.0 215.0 0
169.0 281.0 0
0.0 90.0 0
38.0 159.0 0
123.0 235.0 0
83.0 205.0 0
0.0 71.0 0
256.0 379.0 0
34.0 149.0 0
148.0 269.0 0
120.0 234.0 0
7.0 117.0 0
76.0 192.0 0
0.0 105.0 0
0.0 70.0 0
218.0 333.0 0
0.0 27.0 21.0 26.0 20.0 22.0 25.0 16.0 27.0 20.0 20.0 7.0 45.0 11.0 25.0 30.0 22.0 29.0 22.0 11.0 21.0
27.0 0.0 21.0 7.0 28.0 24.0 45.0 30.0 1.0 38.0 25.0 20.0 42.0 16.0 29.0 39.0 21.0 9.0 10.0 18.0 10.0
21.0 21.0 0.0 26.0 8.0 3.0 27.0 34.0 20.0 20.0 5.0 19.0 26.0 14.0 8.0 18.0 33.0 15.0 26.0 12.0 25.0
26.0 7.0 26.0 0.0 33.0 29.0 48.0 25.0 8.0 41.0 30.0 19.0 49.0 17.0 34.0 44.0 16.0 16.0 5.0 20.0 5.0
20.0 28.0 8.0 33.0 0.0 6.0 19.0 36.0 27.0 12.0 3.0 21.0 25.0 17.0 5.0 11.0 36.0 23.0 32.0 14.0 31.0
22.0 24.0 3.0 29.0 6.0 0.0 25.0 36.0 23.0 18.0 3.0 21.0 24.0 16.0 5.0 15.0 36.0 17.0 29.0 14.0 28.0
25.0 45.0 27.0 48.0 19.0 25.0 0.0 40.0 45.0 7.0 22.0 31.0 39.0 31.0 23.0 19.0 47.0 42.0 45.0 28.0 44.0
16.0 30.0 34.0 25.0 36.0 36.0 40.0 0.0 31.0 36.0 35.0 15.0 60.0 21.0 40.0 46.0 11.0 36.0 20.0 22.0 20.0
27.0 1.0 20.0 8.0 27.0 23.0 45.0 31.0 0.0 38.0 24.0 20.0 41.0 16.0 28.0 38.0 22.0 8.0 11.0 18.0 11.0
20.0 38.0 20.0 41.0 12.0 18.0 7.0 36.0 38.0 0.0 15.0 26.0 33.0 24.0 16.0 13.0 42.0 35.0 39.0 21.0 38.0
20.0 25.0 5.0 30.0 3.0 3.0 22.0 35.0 24.0 15.0 0.0 20.0 25.0 15.0 5.0 14.0 35.0 20.0 29.0 13.0 28.0
7.0 20.0 19.0 19.0 21.0 21.0 31.0 15.0 20.0 26.0 20.0 0.0 45.0 6.0 25.0 32.0 16.0 24.0 15.0 7.0 14.0
45.0 42.0 26.0 49.0 25.0 24.0 39.0 60.0 41.0 33.0 25.0 45.0 0.0 40.0 21.0 20.0 59.0 33.0 51.0 38.0 50.0
11.0 16.0 14.0 17.0 17.0 16.0 31.0 21.0 16.0 24.0 15.0 6.0 40.0 0.0 20.0 28.0 20.0 18.0 15.0 3.0 14.0
25.0 29.0 8.0 34.0 5.0 5.0 23.0 40.0 28.0 16.0 5.0 25.0 21.0 20.0 0.0 10.0 40.0 22.0 33.0 18.0 32.0
30.0 39.0 18.0 44.0 11.0 15.0 19.0 46.0 38.0 13.0 14.0 32.0 20.0 28.0 10.0 0.0 47.0 32.0 43.0 25.0 42.0
22.0 21.0 33.0 16.0 36.0 36.0 47.0 11.0 22.0 42.0 35.0 16.0 59.0 20.0 40.0 47.0 0.0 30.0 11.0 22.0 11.0
29.0 9.0 15.0 16.0 23.0 17.0 42.0 36.0 8.0 35.0 20.0 24.0 33.0 18.0 22.0 32.0 30.0 0.0 19.0 18.0 19.0
22.0 10.0 26.0 5.0 32.0 29.0 45.0 20.0 11.0 39.0 29.0 15.0 51.0 15.0 33.0 43.0 11.0 19.0 0.0 18.0 1.0
11.0 18.0 12.0 20.0 14.0 14.0 28.0 22.0 18.0 21.0 13.0 7.0 38.0 3.0 18.0 25.0 22.0 18.0 18.0 0.0 17.0
21.0 10.0 25.0 5.0 31.0 28.0 44.0 20.0 11.0 38.0 28.0 14.0 50.0 14.0 32.0 42.0 11.0 19.0 1.0 17.0 0.0
