20
12.0 118.0 0
131.0 255.0 0
256.0 374.0 0
164.0 267.0 0
1.0 111.0 0
52.0 179.0 0
125.0 236.0 0
200.0 313.0 0
0.0 73.0 0
0.0 99.0 0
29.0 140.0 0
28.0 146.0 0
90.0 204.0 0
304.0 436.0 0
0.0 113.0 0
0.0 63.0 0
0.0 92.0 0
0.0 83.0 0
0.0 71.0 0
225.0 350.0 0
0.0 19.0 17.0 34.0 7.0 20.0 10.0 17.0 28.0 15.0 23.0 29.0 23.0 29.0 21.0 20.0 9.0 16.0 21.0 13.0 12.0
19.0 0.0 10.0 41.0 26.0 3.0 27.0 25.0 15.0 17.0 17.0 14.0 18.0 48.0 17.0 6.0 21.0 14.0 17.0 13.0 31.0
17.0 10.0 0.0 47.0 23.0 13.0 26.0 15.0 25.0 22.0 26.0 24.0 27.0 44.0 7.0 5.0 23.0 21.0 25.0 18.0 29.0
34.0 41.0 47.0 0.0 36.0 39.0 25.0 51.0 36.0 24.0 27.0 38.0 25.0 44.0 54.0 45.0 25.0 28.0 26.0 28.0 27.0
7.0 26.0 23.0 36.0 0.0 27.0 11.0 17.0 35.0 22.0 30.0 36.0 30.0 22.0 25.0 26.0 14.0 23.0 28.0 20.0 10.0
20.0 3.0 13.0 39.0 27.0 0.0 26.0 27.0 12.0 15.0 14.0 11.0 15.0 49.0 20.0 9.0 20.0 11.0 14.0 11.0 30.0
10.0 27.0 26.0 25.0 11.0 26.0 0.0 26.0 31.0 14.0 23.0 32.0 22.0 25.0 31.0 28.0 6.0 17.0 21.0 15.0 4.0
17.0 25.0 15.0 51.0 17.0 27.0 26.0 0.0 39.0 31.0 38.0 38.0 38.0 34.0 13.0 20.0 26.0 31.0 36.0 28.0 27.0
28.0 15.0 25.0 36.0 35.0 12.0 31.0 39.0 0.0 17.0 9.0 2.0 11.0 56.0 32.0 21.0 24.0 13.0 11.0 15.0 35.0
15.0 17.0 22.0 24.0 22.0 15.0 14.0 31.0 17.0 0.0 9.0 18.0 8.0 39.0 29.0 21.0 8.0 4.0 7.0 4.0 18.0
23.0 17.0 26.0 27.0 30.0 14.0 23.0 38.0 9.0 9.0 0.0 11.0 2.0 48.0 33.0 23.0 17.0 7.0 2.0 10.0 27.0
29.0 14.0 24.0 38.0 36.0 11.0 32.0 38.0 2.0 18.0 11.0 0.0 13.0 57.0 31.0 20.0 25.0 14.0 13.0 17.0 36.0
23.0 18.0 27.0 25.0 30.0 15.0 22.0 38.0 11.0 8.0 2.0 13.0 0.0 47.0 34.0 24.0 16.0 7.0 2.0 10.0 26.0
29.0 48.0 44.0 44.0 22.0 49.0 25.0 34.0 56.0 39.0 48.0 57.0 47.0 0.0 46.0 48.0 31.0 42.0 46.0 40.0 21.0
21.0 17.0 7.0 54.0 25.0 20.0 31.0 13.0 32.0 29.0 33.0 31.0 34.0 46.0 0.0 11.0 29.0 28.0 32.0 25.0 33.0
20.0 6.0 5.0 45.0 26.0 9.0 28.0 20.0 21.0 21.0 23.0 20.0 24.0 48.0 11.0 0.0 23.0 19.0 22.0 17.0 32.0
9.0 21.0 23.0 25.0 14.0 20.0 6.0 26.0 24.0 8.0 17.0 25.0 16.0 31.0 29.0 23.0 0.0 11.0 15.0 9.0 10.0
16.0 14.0 21.0 28.0 23.0 11.0 17.0 31.0 13.0 4.0 7.0 14.0 7.0 42.0 28.0 19.0 11.0 0.0 5.0 3.0 21.0
21.0 17.0 25.0 26.0 28.0 14.0 21.0 36.0 11.0 7.0 2.0 13.0 2.0 46.0 32.0 22.0 15.0 5.0 0.0 8.0 25.0
13.0 13.0 18.0 28.0 20.0 11.0 15.0 28.0 15.0 4.0 10.0 17.0 10.0 40.0 25.0 17.0 9.0 3.0 8.0 0.0 19.0
12.0 31.0 29.0 27.0 10.0 30.0 4.0 27.0 35.0 18.0 27.0 36.0 26.0 21.0 33.0 32.0 10.0 21.0 25.0 19.0 0.0
