20
0.0 483.0 0
67.0 265.0 0
0.0 170.0 0
2.0 170.0 0
52.0 191.0 0
150.0 291.0 0
125.0 283.0 0
0.0 146.0 0
0.0 140.0 0
99.0 285.0 0
0.0 76.0 0
0.0 170.0 0
225.0 441.0 0
79.0 218.0 0
50.0 256.0 0
199.0 356.0 0
136.0 286.0 0
0.0 105.0 0
0.0 170.0 0
0.0 123.0 0
0.0 38.0 22.0 13.0 22.0 23.0 46.0 18.0 21.0 47.0 10.0 17.0 42.0 33.0 41.0 38.0 39.0 15.0 5.0 25.0 28.0
38.0 0.0 17.0 29.0 20.0 45.0 42.0 21.0 27.0 16.0 36.0 24.0 39.0 14.0 6.0 9.0 27.0 30.0 43.0 14.0 10.0
22.0 17.0 0.0 15.0 6.0 32.0 41.0 4.0 17.0 27.0 22.0 7.0 37.0 16.0 20.0 18.0 29.0 16.0 27.0 6.0 7.0
13.0 29.0 15.0 0.0 18.0 17.0 33.0 14.0 8.0 34.0 7.0 15.0 29.0 20.0 30.0 26.0 26.0 2.0 18.0 15.0 19.0
22.0 20.0 6.0 18.0 0.0 35.0 47.0 4.0 22.0 32.0 24.0 5.0 43.0 22.0 24.0 23.0 35.0 20.0 26.0 12.0 12.0
23.0 45.0 32.0 17.0 35.0 0.0 27.0 31.0 18.0 44.0 14.0 32.0 24.0 32.0 44.0 38.0 30.0 16.0 25.0 31.0 35.0
46.0 42.0 41.0 33.0 47.0 27.0 0.0 43.0 25.0 32.0 36.0 45.0 4.0 29.0 37.0 32.0 14.0 31.0 49.0 36.0 38.0
18.0 21.0 4.0 14.0 4.0 31.0 43.0 0.0 18.0 31.0 20.0 3.0 39.0 20.0 24.0 22.0 33.0 16.0 23.0 10.0 11.0
21.0 27.0 17.0 8.0 22.0 18.0 25.0 18.0 0.0 28.0 13.0 20.0 21.0 14.0 26.0 20.0 18.0 6.0 25.0 13.0 17.0
47.0 16.0 27.0 34.0 32.0 44.0 32.0 31.0 28.0 0.0 41.0 34.0 30.0 14.0 10.0 9.0 18.0 34.0 52.0 22.0 20.0
10.0 36.0 22.0 7.0 24.0 14.0 36.0 20.0 13.0 41.0 0.0 20.0 32.0 27.0 37.0 32.0 31.0 7.0 13.0 22.0 26.0
17.0 24.0 7.0 15.0 5.0 32.0 45.0 3.0 20.0 34.0 20.0 0.0 41.0 23.0 27.0 25.0 36.0 17.0 21.0 13.0 14.0
42.0 39.0 37.0 29.0 43.0 24.0 4.0 39.0 21.0 30.0 32.0 41.0 0.0 25.0 35.0 30.0 12.0 27.0 45.0 32.0 34.0
33.0 14.0 16.0 20.0 22.0 32.0 29.0 20.0 14.0 14.0 27.0 23.0 25.0 0.0 12.0 6.0 15.0 20.0 38.0 10.0 10.0
41.0 6.0 20.0 30.0 24.0 44.0 37.0 24.0 26.0 10.0 37.0 27.0 35.0 12.0 0.0 6.0 23.0 31.0 46.0 16.0 13.0
38.0 9.0 18.0 26.0 23.0 38.0 32.0 22.0 20.0 9.0 32.0 25.0 30.0 6.0 6.0 0.0 18.0 25.0 43.0 13.0 11.0
39.0 27.0 29.0 26.0 35.0 30.0 14.0 33.0 18.0 18.0 31.0 36.0 12.0 15.0 23.0 18.0 0.0 24.0 43.0 24.0 25.0
15.0 30.0 16.0 2.0 20.0 16.0 31.0 16.0 6.0 34.0 7.0 17.0 27.0 20.0 31.0 25.0 24.0 0.0 19.0 16.0 20.0
5.0 43.0 27.0 18.0 26.0 25.0 49.0 23.0 25.0 52.0 13.0 21.0 45.0 38.0 46.0 43.0 43.0 19.0 0.0 30.0 33.0
25.0 14.0 6.0 15.0 12.0 31.0 36.0 10.0 13.0 22.0 22.0 13.0 32.0 10.0 16.0 13.0 24.0 16.0 30.0 0.0 4.0
28.0 10.0 7.0 19.0 12.0 35.0 38.0 11.0 17.0 20.0 26.0 14.0 34.0 10.0 13.0 11.0 25.0 20.0 33.0 4.0 0.0
