20
0.0 518.0 0
52.0 286.0 0
0.0 205.0 0
109.0 290.0 0
106.0 317.0 0
208.0 404.0 0
0.0 124.0 0
206.0 358.0 0
117.0 292.0 0
270.0 481.0 0
0.0 168.0 0
0.0 199.0 0
0.0 179.0 0
0.0 96.0 0
0.0 183.0 0
124.0 321.0 0
60.0 252.0 0
0.0 188.0 0
0.0 148.0 0
31.0 215.0 0
0.0 46.0 24.0 10.0 37.0 42.0 9.0 42.0 30.0 37.0 15.0 28.0 36.0 6.0 20.0 40.0 39.0 13.0 22.0 44.0 5.0
46.0 0.0 24.0 41.0 18.0 28.0 44.0 17.0 38.0 49.0 31.0 18.0 14.0 49.0 27.0 34.0 8.0 36.0 44.0 15.0 41.0
24.0 24.0 0.0 18.0 13.0 21.0 26.0 28.0 32.0 43.0 10.0 6.0 12.0 26.0 14.0 37.0 18.0 20.0 31.0 28.0 19.0
10.0 41.0 18.0 0.0 29.0 33.0 17.0 42.0 35.0 44.0 12.0 23.0 29.0 9.0 20.0 45.0 35.0 18.0 29.0 43.0 6.0
37.0 18.0 13.0 29.0 0.0 11.0 39.0 30.0 42.0 53.0 23.0 13.0 4.0 38.0 25.0 44.0 17.0 33.0 43.0 29.0 32.0
42.0 28.0 21.0 33.0 11.0 0.0 46.0 41.0 52.0 63.0 30.0 23.0 15.0 42.0 35.0 55.0 28.0 41.0 52.0 40.0 37.0
9.0 44.0 26.0 17.0 39.0 46.0 0.0 38.0 21.0 28.0 16.0 28.0 38.0 15.0 17.0 33.0 36.0 8.0 13.0 40.0 11.0
42.0 17.0 28.0 42.0 30.0 41.0 38.0 0.0 25.0 34.0 30.0 22.0 26.0 47.0 22.0 18.0 13.0 30.0 32.0 2.0 39.0
30.0 38.0 32.0 35.0 42.0 52.0 21.0 25.0 0.0 11.0 26.0 29.0 39.0 36.0 18.0 12.0 31.0 17.0 10.0 27.0 30.0
37.0 49.0 43.0 44.0 53.0 63.0 28.0 34.0 11.0 0.0 36.0 40.0 50.0 43.0 29.0 17.0 42.0 26.0 15.0 36.0 38.0
15.0 31.0 10.0 12.0 23.0 30.0 16.0 30.0 26.0 36.0 0.0 13.0 22.0 17.0 9.0 34.0 24.0 11.0 23.0 31.0 10.0
28.0 18.0 6.0 23.0 13.0 23.0 28.0 22.0 29.0 40.0 13.0 0.0 10.0 30.0 12.0 32.0 12.0 21.0 30.0 22.0 23.0
36.0 14.0 12.0 29.0 4.0 15.0 38.0 26.0 39.0 50.0 22.0 10.0 0.0 38.0 22.0 40.0 13.0 31.0 40.0 25.0 31.0
6.0 49.0 26.0 9.0 38.0 42.0 15.0 47.0 36.0 43.0 17.0 30.0 38.0 0.0 24.0 46.0 41.0 19.0 28.0 48.0 7.0
20.0 27.0 14.0 20.0 25.0 35.0 17.0 22.0 18.0 29.0 9.0 12.0 22.0 24.0 0.0 25.0 19.0 9.0 18.0 24.0 17.0
40.0 34.0 37.0 45.0 44.0 55.0 33.0 18.0 12.0 17.0 34.0 32.0 40.0 46.0 25.0 0.0 29.0 27.0 22.0 20.0 40.0
39.0 8.0 18.0 35.0 17.0 28.0 36.0 13.0 31.0 42.0 24.0 12.0 13.0 41.0 19.0 29.0 0.0 28.0 36.0 12.0 34.0
13.0 36.0 20.0 18.0 33.0 41.0 8.0 30.0 17.0 26.0 11.0 21.0 31.0 19.0 9.0 27.0 28.0 0.0 12.0 32.0 13.0
22.0 44.0 31.0 29.0 43.0 52.0 13.0 32.0 10.0 15.0 23.0 30.0 40.0 28.0 18.0 22.0 36.0 12.0 0.0 34.0 23.0
44.0 15.0 28.0 43.0 29.0 40.0 40.0 2.0 27.0 36.0 31.0 22.0 25.0 48.0 24.0 20.0 12.0 32.0 34.0 0.0 41.0
5.0 41.0 19.0 6.0 32.0 37.0 11.0 39.0 30.0 38.0 10.0 23.0 31.0 7.0 17.0 40.0 34.0 13.0 23.0 41.0 0.0
