20
10.0 45.0 0
203.0 269.0 0
111.0 150.0 0
35.0 99.0 0
16.0 64.0 0
137.0 193.0 0
65.0 74.0 0
114.0 189.0 0
317.0 355.0 0
74.0 122.0 0
98.0 108.0 0
99.0 151.0 0
0.0 11.0 0
261.0 291.0 0
88.0 126.0 0
190.0 221.0 0
48.0 70.0 0
34.0 65.0 0
112.0 152.0 0
278.0 304.0 0
0.0 30.0 47.0 29.0 23.0 23.0 27.0 26.0 27.0 51.0 26.0 19.0 42.0 7.0 39.0 26.0 12.0 20.0 33.0 30.0 3.0
30.0 0.0 38.0 38.0 8.0 8.0 17.0 17.0 35.0 45.0 9.0 27.0 46.0 33.0 47.0 37.0 21.0 14.0 7.0 33.0 29.0
47.0 38.0 0.0 24.0 35.0 40.0 23.0 24.0 23.0 7.0 30.0 28.0 18.0 54.0 25.0 26.0 47.0 31.0 31.0 18.0 44.0
29.0 38.0 24.0 0.0 32.0 37.0 22.0 21.0 3.0 26.0 29.0 13.0 13.0 36.0 10.0 3.0 36.0 25.0 34.0 6.0 26.0
23.0 8.0 35.0 32.0 0.0 5.0 13.0 13.0 29.0 42.0 5.0 20.0 42.0 26.0 42.0 30.0 14.0 7.0 10.0 28.0 21.0
23.0 8.0 40.0 37.0 5.0 0.0 18.0 18.0 34.0 47.0 10.0 24.0 47.0 25.0 47.0 34.0 13.0 12.0 13.0 33.0 22.0
27.0 17.0 23.0 22.0 13.0 18.0 0.0 2.0 19.0 29.0 8.0 13.0 29.0 33.0 31.0 21.0 24.0 8.0 12.0 17.0 25.0
26.0 17.0 24.0 21.0 13.0 18.0 2.0 0.0 18.0 30.0 8.0 12.0 29.0 31.0 30.0 20.0 23.0 7.0 13.0 16.0 23.0
27.0 35.0 23.0 3.0 29.0 34.0 19.0 18.0 0.0 26.0 26.0 10.0 15.0 34.0 13.0 3.0 33.0 22.0 31.0 5.0 24.0
51.0 45.0 7.0 26.0 42.0 47.0 29.0 30.0 26.0 0.0 37.0 32.0 17.0 58.0 25.0 29.0 53.0 37.0 38.0 22.0 48.0
26.0 9.0 30.0 29.0 5.0 10.0 8.0 8.0 26.0 37.0 0.0 18.0 37.0 30.0 38.0 28.0 19.0 6.0 7.0 24.0 24.0
19.0 27.0 28.0 13.0 20.0 24.0 13.0 12.0 10.0 32.0 18.0 0.0 24.0 26.0 23.0 10.0 23.0 13.0 25.0 11.0 16.0
42.0 46.0 18.0 13.0 42.0 47.0 29.0 29.0 15.0 17.0 37.0 24.0 0.0 49.0 8.0 16.0 47.0 35.0 41.0 14.0 39.0
7.0 33.0 54.0 36.0 26.0 25.0 33.0 31.0 34.0 58.0 30.0 26.0 49.0 0.0 46.0 33.0 12.0 25.0 36.0 37.0 10.0
39.0 47.0 25.0 10.0 42.0 47.0 31.0 30.0 13.0 25.0 38.0 23.0 8.0 46.0 0.0 13.0 46.0 35.0 43.0 14.0 36.0
26.0 37.0 26.0 3.0 30.0 34.0 21.0 20.0 3.0 29.0 28.0 10.0 16.0 33.0 13.0 0.0 33.0 23.0 33.0 8.0 23.0
12.0 21.0 47.0 36.0 14.0 13.0 24.0 23.0 33.0 53.0 19.0 23.0 47.0 12.0 46.0 33.0 0.0 16.0 24.0 34.0 13.0
20.0 14.0 31.0 25.0 7.0 12.0 8.0 7.0 22.0 37.0 6.0 13.0 35.0 25.0 35.0 23.0 16.0 0.0 13.0 21.0 18.0
33.0 7.0 31.0 34.0 10.0 13.0 12.0 13.0 31.0 38.0 7.0 25.0 41.0 36.0 43.0 33.0 24.0 13.0 0.0 29.0 31.0
30.0 33.0 18.0 6.0 28.0 33.0 17.0 16.0 5.0 22.0 24.0 11.0 14.0 37.0 14.0 8.0 34.0 21.0 29.0 0.0 27.0
3.0 29.0 44.0 26.0 21.0 22.0 25.0 23.0 24.0 48.0 24.0 16.0 39.0 10.0 36.0 23.0 13.0 18.0 31.0 27.0 0.0
