20
0.0 436.0 0
45.0 173.0 0
153.0 310.0 0
281.0 414.0 0
0.0 99.0 0
79.0 202.0 0
4.0 139.0 0
52.0 183.0 0
117.0 262.0 0
202.0 317.0 0
0.0 59.0 0
122.0 258.0 0
212.0 350.0 0
25.0 179.0 0
15.0 139.0 0
0.0 91.0 0
0.0 105.0 0
0.0 116.0 0
17.0 136.0 0
94.0 213.0 0
0.0 38.0 28.0 22.0 21.0 34.0 17.0 47.0 5.0 29.0 5.0 30.0 46.0 43.0 30.0 13.0 15.0 17.0 21.0 22.0 31.0
38.0 0.0 24.0 36.0 17.0 15.0 35.0 10.0 34.0 39.0 36.0 24.0 12.0 12.0 20.0 25.0 23.0 24.0 26.0 37.0 9.0
28.0 24.0 0.0 13.0 20.0 33.0 15.0 29.0 29.0 15.0 31.0 37.0 26.0 21.0 4.0 24.0 16.0 27.0 7.0 42.0 15.0
22.0 36.0 13.0 0.0 25.0 40.0 5.0 42.0 25.0 7.0 26.0 41.0 39.0 34.0 17.0 24.0 17.0 29.0 10.0 42.0 27.0
21.0 17.0 20.0 25.0 0.0 15.0 22.0 26.0 17.0 31.0 19.0 17.0 27.0 25.0 18.0 8.0 8.0 9.0 16.0 24.0 13.0
34.0 15.0 33.0 40.0 15.0 0.0 37.0 23.0 29.0 46.0 30.0 9.0 27.0 27.0 30.0 21.0 23.0 17.0 31.0 24.0 19.0
17.0 35.0 15.0 5.0 22.0 37.0 0.0 41.0 20.0 12.0 21.0 38.0 40.0 35.0 18.0 20.0 14.0 25.0 9.0 37.0 26.0
47.0 10.0 29.0 42.0 26.0 23.0 41.0 0.0 43.0 44.0 45.0 32.0 5.0 8.0 25.0 34.0 32.0 34.0 32.0 46.0 16.0
5.0 34.0 29.0 25.0 17.0 29.0 20.0 43.0 0.0 32.0 2.0 25.0 44.0 41.0 30.0 9.0 14.0 12.0 22.0 18.0 29.0
29.0 39.0 15.0 7.0 31.0 46.0 12.0 44.0 32.0 0.0 33.0 48.0 41.0 36.0 19.0 31.0 24.0 36.0 15.0 49.0 30.0
5.0 36.0 31.0 26.0 19.0 30.0 21.0 45.0 2.0 33.0 0.0 26.0 46.0 43.0 32.0 11.0 16.0 13.0 24.0 17.0 31.0
30.0 24.0 37.0 41.0 17.0 9.0 38.0 32.0 25.0 48.0 26.0 0.0 36.0 36.0 35.0 18.0 24.0 13.0 33.0 15.0 26.0
46.0 12.0 26.0 39.0 27.0 27.0 40.0 5.0 44.0 41.0 46.0 36.0 0.0 5.0 22.0 35.0 31.0 36.0 31.0 49.0 15.0
43.0 12.0 21.0 34.0 25.0 27.0 35.0 8.0 41.0 36.0 43.0 36.0 5.0 0.0 17.0 33.0 28.0 34.0 26.0 47.0 12.0
30.0 20.0 4.0 17.0 18.0 30.0 18.0 25.0 30.0 19.0 32.0 35.0 22.0 17.0 0.0 24.0 16.0 27.0 9.0 42.0 11.0
13.0 25.0 24.0 24.0 8.0 21.0 20.0 34.0 9.0 31.0 11.0 18.0 35.0 33.0 24.0 0.0 8.0 5.0 17.0 18.0 21.0
15.0 23.0 16.0 17.0 8.0 23.0 14.0 32.0 14.0 24.0 16.0 24.0 31.0 28.0 16.0 8.0 0.0 12.0 9.0 26.0 16.0
17.0 24.0 27.0 29.0 9.0 17.0 25.0 34.0 12.0 36.0 13.0 13.0 36.0 34.0 27.0 5.0 12.0 0.0 21.0 15.0 22.0
21.0 26.0 7.0 10.0 16.0 31.0 9.0 32.0 22.0 15.0 24.0 33.0 31.0 26.0 9.0 17.0 9.0 21.0 0.0 35.0 17.0
22.0 37.0 42.0 42.0 24.0 24.0 37.0 46.0 18.0 49.0 17.0 15.0 49.0 47.0 42.0 18.0 26.0 15.0 35.0 0.0 36.0
31.0 9.0 15.0 27.0 13.0 19.0 26.0 16.0 29.0 30.0 31.0 26.0 15.0 12.0 11.0 21.0 16.0 22.0 17.0 36.0 0.0
