20
0.0 384.0 0
104.0 233.0 0
19.0 160.0 0
155.0 325.0 0
222.0 353.0 0
57.0 200.0 0
0.0 79.0 0
0.0 105.0 0
0.0 131.0 0
36.0 154.0 0
255.0 361.0 0
139.0 297.0 0
45.0 195.0 0
38.0 156.0 0
118.0 237.0 0
0.0 65.0 0
0.0 115.0 0
52.0 176.0 0
47.0 187.0 0
0.0 79.0 0
0.0 31.0 33.0 28.0 31.0 38.0 23.0 26.0 40.0 35.0 20.0 3.0 36.0 37.0 22.0 3.0 35.0 33.0 36.0 11.0 26.0
31.0 0.0 41.0 3.0 51.0 30.0 50.0 45.0 62.0 34.0 32.0 30.0 28.0 32.0 9.0 31.0 54.0 40.0 29.0 39.0 22.0
33.0 41.0 0.0 40.0 18.0 19.0 28.0 14.0 26.0 11.0 13.0 30.0 19.0 15.0 36.0 30.0 19.0 2.0 17.0 27.0 19.0
28.0 3.0 40.0 0.0 49.0 30.0 48.0 43.0 60.0 33.0 30.0 27.0 28.0 32.0 6.0 28.0 52.0 39.0 29.0 36.0 21.0
31.0 51.0 18.0 49.0 0.0 37.0 13.0 6.0 11.0 29.0 19.0 28.0 36.0 33.0 43.0 28.0 4.0 20.0 34.0 20.0 32.0
38.0 30.0 19.0 30.0 37.0 0.0 44.0 32.0 45.0 8.0 21.0 35.0 2.0 4.0 28.0 36.0 38.0 17.0 3.0 37.0 12.0
23.0 50.0 28.0 48.0 13.0 44.0 0.0 14.0 20.0 37.0 23.0 21.0 43.0 41.0 42.0 21.0 17.0 30.0 41.0 12.0 36.0
26.0 45.0 14.0 43.0 6.0 32.0 14.0 0.0 17.0 24.0 13.0 23.0 31.0 28.0 37.0 23.0 10.0 16.0 29.0 16.0 26.0
40.0 62.0 26.0 60.0 11.0 45.0 20.0 17.0 0.0 37.0 30.0 38.0 45.0 41.0 54.0 38.0 8.0 28.0 43.0 29.0 42.0
35.0 34.0 11.0 33.0 29.0 8.0 37.0 24.0 37.0 0.0 16.0 32.0 8.0 4.0 31.0 33.0 30.0 9.0 6.0 32.0 13.0
20.0 32.0 13.0 30.0 19.0 21.0 23.0 13.0 30.0 16.0 0.0 17.0 20.0 19.0 25.0 17.0 22.0 13.0 18.0 16.0 13.0
3.0 30.0 30.0 27.0 28.0 35.0 21.0 23.0 38.0 32.0 17.0 0.0 33.0 34.0 21.0 1.0 32.0 30.0 33.0 9.0 23.0
36.0 28.0 19.0 28.0 36.0 2.0 43.0 31.0 45.0 8.0 20.0 33.0 0.0 5.0 26.0 34.0 38.0 17.0 2.0 36.0 10.0
37.0 32.0 15.0 32.0 33.0 4.0 41.0 28.0 41.0 4.0 19.0 34.0 5.0 0.0 30.0 35.0 34.0 13.0 3.0 35.0 12.0
22.0 9.0 36.0 6.0 43.0 28.0 42.0 37.0 54.0 31.0 25.0 21.0 26.0 30.0 0.0 22.0 47.0 35.0 27.0 30.0 18.0
3.0 31.0 30.0 28.0 28.0 36.0 21.0 23.0 38.0 33.0 17.0 1.0 34.0 35.0 22.0 0.0 32.0 30.0 34.0 9.0 24.0
35.0 54.0 19.0 52.0 4.0 38.0 17.0 10.0 8.0 30.0 22.0 32.0 38.0 34.0 47.0 32.0 0.0 21.0 36.0 24.0 34.0
33.0 40.0 2.0 39.0 20.0 17.0 30.0 16.0 28.0 9.0 13.0 30.0 17.0 13.0 35.0 30.0 21.0 0.0 15.0 28.0 18.0
36.0 29.0 17.0 29.0 34.0 3.0 41.0 29.0 43.0 6.0 18.0 33.0 2.0 3.0 27.0 34.0 36.0 15.0 0.0 34.0 10.0
11.0 39.0 27.0 36.0 20.0 37.0 12.0 16.0 29.0 32.0 16.0 9.0 36.0 35.0 30.0 9.0 24.0 28.0 34.0 0.0 27.0
26.0 22.0 19.0 21.0 32.0 12.0 36.0 26.0 42.0 13.0 13.0 23.0 10.0 12.0 18.0 24.0 34.0 18.0 10.0 27.0 0.0
