20
0.0 491.0 0
0.0 139.0 0
285.0 398.0 0
0.0 116.0 0
176.0 348.0 0
0.0 168.0 0
143.0 321.0 0
73.0 274.0 0
114.0 300.0 0
302.0 467.0 0
115.0 268.0 0
0.0 165.0 0
0.0 178.0 0
0.0 125.0 0
30.0 212.0 0
35.0 213.0 0
159.0 357.0 0
88.0 223.0 0
18.0 179.0 0
0.0 117.0 0
0.0 33.0 22.0 2.0 23.0 23.0 24.0 39.0 24.0 24.0 28.0 30.0 11.0 16.0 32.0 23.0 31.0 34.0 15.0 11.0 15.0
33.0 0.0 16.0 33.0 49.0 10.0 43.0 30.0 49.0 48.0 6.0 4.0 22.0 48.0 12.0 14.0 33.0 13.0 21.0 44.0 47.0
22.0 16.0 0.0 22.0 44.0 13.0 41.0 40.0 45.0 44.0 17.0 16.0 16.0 35.0 24.0 2.0 39.0 12.0 19.0 33.0 35.0
2.0 33.0 22.0 0.0 25.0 23.0 26.0 40.0 26.0 25.0 28.0 30.0 12.0 15.0 33.0 22.0 32.0 33.0 17.0 11.0 14.0
23.0 49.0 44.0 25.0 0.0 39.0 9.0 38.0 2.0 2.0 43.0 45.0 29.0 28.0 44.0 44.0 25.0 55.0 28.0 18.0 26.0
23.0 10.0 13.0 23.0 39.0 0.0 34.0 27.0 39.0 38.0 5.0 7.0 12.0 38.0 12.0 11.0 27.0 18.0 11.0 34.0 37.0
24.0 43.0 41.0 26.0 9.0 34.0 0.0 29.0 8.0 7.0 37.0 39.0 25.0 33.0 36.0 40.0 16.0 51.0 23.0 23.0 31.0
39.0 30.0 40.0 40.0 38.0 27.0 29.0 0.0 37.0 36.0 24.0 26.0 29.0 55.0 18.0 38.0 13.0 42.0 24.0 46.0 53.0
24.0 49.0 45.0 26.0 2.0 39.0 8.0 37.0 0.0 1.0 43.0 45.0 29.0 30.0 43.0 44.0 24.0 55.0 28.0 20.0 28.0
24.0 48.0 44.0 25.0 2.0 38.0 7.0 36.0 1.0 0.0 42.0 44.0 28.0 30.0 42.0 43.0 23.0 54.0 27.0 20.0 28.0
28.0 6.0 17.0 28.0 43.0 5.0 37.0 24.0 43.0 42.0 0.0 2.0 17.0 43.0 7.0 15.0 27.0 18.0 15.0 39.0 42.0
30.0 4.0 16.0 30.0 45.0 7.0 39.0 26.0 45.0 44.0 2.0 0.0 19.0 45.0 9.0 14.0 29.0 16.0 17.0 41.0 44.0
11.0 22.0 16.0 12.0 29.0 12.0 25.0 29.0 29.0 28.0 17.0 19.0 0.0 27.0 21.0 15.0 25.0 26.0 5.0 22.0 26.0
16.0 48.0 35.0 15.0 28.0 38.0 33.0 55.0 30.0 30.0 43.0 45.0 27.0 0.0 48.0 36.0 45.0 47.0 31.0 10.0 2.0
32.0 12.0 24.0 33.0 44.0 12.0 36.0 18.0 43.0 42.0 7.0 9.0 21.0 48.0 0.0 22.0 24.0 25.0 17.0 42.0 47.0
23.0 14.0 2.0 22.0 44.0 11.0 40.0 38.0 44.0 43.0 15.0 14.0 15.0 36.0 22.0 0.0 37.0 11.0 18.0 33.0 36.0
31.0 33.0 39.0 32.0 25.0 27.0 16.0 13.0 24.0 23.0 27.0 29.0 25.0 45.0 24.0 37.0 0.0 45.0 20.0 35.0 43.0
34.0 13.0 12.0 33.0 55.0 18.0 51.0 42.0 55.0 54.0 18.0 16.0 26.0 47.0 25.0 11.0 45.0 0.0 28.0 44.0 47.0
15.0 21.0 19.0 17.0 28.0 11.0 23.0 24.0 28.0 27.0 15.0 17.0 5.0 31.0 17.0 18.0 20.0 28.0 0.0 25.0 30.0
11.0 44.0 33.0 11.0 18.0 34.0 23.0 46.0 20.0 20.0 39.0 41.0 22.0 10.0 42.0 33.0 35.0 44.0 25.0 0.0 8.0
15.0 47.0 35.0 14.0 26.0 37.0 31.0 53.0 28.0 28.0 42.0 44.0 26.0 2.0 47.0 36.0 43.0 47.0 30.0 8.0 0.0
