20
0.0 396.0 0
0.0 112.0 0
36.0 256.0 0
94.0 310.0 0
0.0 252.0 0
3.0 159.0 0
197.0 367.0 0
61.0 296.0 0
0.0 163.0 0
134.0 352.0 0
0.0 112.0 0
0.0 222.0 0
0.0 210.0 0
79.0 291.0 0
36.0 221.0 0
0.0 135.0 0
0.0 145.0 0
18.0 188.0 0
176.0 329.0 0
0.0 198.0 0
0.0 26.0 22.0 26.0 35.0 29.0 29.0 26.0 17.0 16.0 9.0 22.0 18.0 35.0 10.0 19.0 20.0 20.0 8.0 30.0 10.0
26.0 0.0 27.0 16.0 15.0 23.0 8.0 27.0 9.0 39.0 17.0 23.0 28.0 26.0 23.0 9.0 22.0 26.0 18.0 16.0 30.0
22.0 27.0 0.0 38.0 26.0 12.0 35.0 43.0 21.0 37.0 21.0 6.0 4.0 49.0 29.0 19.0 5.0 2.0 21.0 19.0 13.0
26.0 16.0 38.0 0.0 31.0 37.0 8.0 12.0 18.0 32.0 19.0 34.0 37.0 11.0 18.0 20.0 34.0 36.0 20.0 31.0 34.0
35.0 15.0 26.0 31.0 0.0 15.0 23.0 42.0 18.0 49.0 27.0 20.0 28.0 41.0 35.0 16.0 21.0 25.0 28.0 7.0 34.0
29.0 23.0 12.0 37.0 15.0 0.0 31.0 46.0 20.0 45.0 26.0 7.0 15.0 48.0 35.0 17.0 9.0 12.0 26.0 8.0 23.0
29.0 8.0 35.0 8.0 23.0 31.0 0.0 20.0 14.0 38.0 20.0 30.0 34.0 18.0 22.0 16.0 30.0 33.0 21.0 24.0 34.0
26.0 27.0 43.0 12.0 42.0 46.0 20.0 0.0 26.0 26.0 22.0 42.0 41.0 11.0 16.0 29.0 40.0 41.0 23.0 42.0 36.0
17.0 9.0 21.0 18.0 18.0 20.0 14.0 26.0 0.0 31.0 9.0 17.0 20.0 29.0 17.0 3.0 16.0 19.0 10.0 16.0 21.0
16.0 39.0 37.0 32.0 49.0 45.0 38.0 26.0 31.0 0.0 22.0 38.0 33.0 37.0 16.0 33.0 36.0 35.0 22.0 46.0 24.0
9.0 17.0 21.0 19.0 27.0 26.0 20.0 22.0 9.0 22.0 0.0 20.0 19.0 29.0 9.0 11.0 18.0 19.0 1.0 24.0 15.0
22.0 23.0 6.0 34.0 20.0 7.0 30.0 42.0 17.0 38.0 20.0 0.0 8.0 45.0 29.0 14.0 2.0 5.0 20.0 13.0 16.0
18.0 28.0 4.0 37.0 28.0 15.0 34.0 41.0 20.0 33.0 19.0 8.0 0.0 47.0 26.0 19.0 7.0 3.0 18.0 21.0 9.0
35.0 26.0 49.0 11.0 41.0 48.0 18.0 11.0 29.0 37.0 29.0 45.0 47.0 0.0 25.0 31.0 45.0 47.0 29.0 42.0 43.0
10.0 23.0 29.0 18.0 35.0 35.0 22.0 16.0 17.0 16.0 9.0 29.0 26.0 25.0 0.0 19.0 27.0 27.0 9.0 32.0 20.0
19.0 9.0 19.0 20.0 16.0 17.0 16.0 29.0 3.0 33.0 11.0 14.0 19.0 31.0 19.0 0.0 14.0 17.0 12.0 13.0 21.0
20.0 22.0 5.0 34.0 21.0 9.0 30.0 40.0 16.0 36.0 18.0 2.0 7.0 45.0 27.0 14.0 0.0 4.0 18.0 14.0 14.0
20.0 26.0 2.0 36.0 25.0 12.0 33.0 41.0 19.0 35.0 19.0 5.0 3.0 47.0 27.0 17.0 4.0 0.0 19.0 18.0 12.0
8.0 18.0 21.0 20.0 28.0 26.0 21.0 23.0 10.0 22.0 1.0 20.0 18.0 29.0 9.0 12.0 18.0 19.0 0.0 24.0 14.0
30.0 16.0 19.0 31.0 7.0 8.0 24.0 42.0 16.0 46.0 24.0 13.0 21.0 42.0 32.0 13.0 14.0 18.0 24.0 0.0 28.0
10.0 30.0 13.0 34.0 34.0 23.0 34.0 36.0 21.0 24.0 15.0 16.0 9.0 43.0 20.0 21.0 14.0 12.0 14.0 28.0 0.0
