20
150.0 291.0 0
60.0 187.0 0
52.0 195.0 0
43.0 183.0 0
12.0 146.0 0
267.0 422.0 0
0.0 108.0 0
0.0 146.0 0
0.0 158.0 0
0.0 91.0 0
0.0 73.0 0
89.0 239.0 0
0.0 163.0 0
232.0 348.0 0
0.0 96.0 0
202.0 333.0 0
0.0 117.0 0
55.0 268.0 0
204.0 333.0 0
273.0 418.0 0
0.0 48.0 53.0 36.0 46.0 30.0 33.0 19.0 42.0 38.0 4.0 9.0 36.0 42.0 3.0 29.0 32.0 42.0 43.0 27.0 36.0
48.0 0.0 5.0 12.0 3.0 19.0 31.0 29.0 24.0 29.0 49.0 43.0 43.0 16.0 46.0 24.0 34.0 19.0 19.0 38.0 13.0
53.0 5.0 0.0 17.0 8.0 23.0 36.0 34.0 26.0 31.0 54.0 48.0 45.0 18.0 51.0 28.0 39.0 21.0 21.0 43.0 17.0
36.0 12.0 17.0 0.0 10.0 9.0 21.0 17.0 23.0 25.0 37.0 31.0 38.0 15.0 34.0 17.0 23.0 18.0 19.0 27.0 7.0
46.0 3.0 8.0 10.0 0.0 17.0 28.0 27.0 24.0 29.0 47.0 41.0 43.0 16.0 44.0 23.0 31.0 19.0 20.0 35.0 12.0
30.0 19.0 23.0 9.0 17.0 0.0 24.0 12.0 19.0 19.0 31.0 26.0 29.0 14.0 28.0 8.0 26.0 16.0 17.0 27.0 6.0
33.0 31.0 36.0 21.0 28.0 24.0 0.0 19.0 43.0 43.0 30.0 24.0 52.0 36.0 30.0 32.0 3.0 39.0 40.0 9.0 28.0
19.0 29.0 34.0 17.0 27.0 12.0 19.0 0.0 29.0 27.0 20.0 14.0 34.0 26.0 17.0 16.0 19.0 28.0 29.0 18.0 18.0
42.0 24.0 26.0 23.0 24.0 19.0 43.0 29.0 0.0 6.0 45.0 42.0 20.0 8.0 42.0 14.0 45.0 5.0 5.0 46.0 16.0
38.0 29.0 31.0 25.0 29.0 19.0 43.0 27.0 6.0 0.0 41.0 38.0 14.0 13.0 38.0 11.0 44.0 10.0 10.0 45.0 18.0
4.0 49.0 54.0 37.0 47.0 31.0 30.0 20.0 45.0 41.0 0.0 6.0 40.0 43.0 3.0 31.0 29.0 44.0 45.0 24.0 37.0
9.0 43.0 48.0 31.0 41.0 26.0 24.0 14.0 42.0 38.0 6.0 0.0 40.0 39.0 6.0 28.0 23.0 41.0 42.0 18.0 32.0
36.0 43.0 45.0 38.0 43.0 29.0 52.0 34.0 20.0 14.0 40.0 40.0 0.0 27.0 37.0 21.0 53.0 24.0 24.0 52.0 31.0
42.0 16.0 18.0 15.0 16.0 14.0 36.0 26.0 8.0 13.0 43.0 39.0 27.0 0.0 41.0 13.0 38.0 3.0 4.0 40.0 8.0
3.0 46.0 51.0 34.0 44.0 28.0 30.0 17.0 42.0 38.0 3.0 6.0 37.0 41.0 0.0 28.0 29.0 41.0 42.0 24.0 34.0
29.0 24.0 28.0 17.0 23.0 8.0 32.0 16.0 14.0 11.0 31.0 28.0 21.0 13.0 28.0 0.0 33.0 13.0 14.0 34.0 11.0
32.0 34.0 39.0 23.0 31.0 26.0 3.0 19.0 45.0 44.0 29.0 23.0 53.0 38.0 29.0 33.0 0.0 41.0 42.0 6.0 30.0
42.0 19.0 21.0 18.0 19.0 16.0 39.0 28.0 5.0 10.0 44.0 41.0 24.0 3.0 41.0 13.0 41.0 0.0 1.0 43.0 11.0
43.0 19.0 21.0 19.0 20.0 17.0 40.0 29.0 5.0 10.0 45.0 42.0 24.0 4.0 42.0 14.0 42.0 1.0 0.0 44.0 12.0
27.0 38.0 43.0 27.0 35.0 27.0 9.0 18.0 46.0 45.0 24.0 18.0 52.0 40.0 24.0 34.0 6.0 43.0 44.0 0.0 32.0
36.0 13.0 17.0 7.0 12.0 6.0 28.0 18.0 16.0 18.0 37.0 32.0 31.0 8.0 34.0 11.0 30.0 11.0 12.0 32.0 0.0
