20
148.0 292.0 0
228.0 366.0 0
9.0 155.0 0
100.0 252.0 0
194.0 303.0 0
92.0 216.0 0
0.0 107.0 0
47.0 213.0 0
0.0 69.0 0
23.0 148.0 0
0.0 72.0 0
106.0 241.0 0
28.0 152.0 0
0.0 86.0 0
24.0 186.0 0
132.0 281.0 0
7.0 137.0 0
250.0 391.0 0
159.0 292.0 0
186.0 348.0 0
0.0 40.0 45.0 13.0 24.0 38.0 14.0 23.0 9.0 5.0 21.0 8.0 37.0 15.0 12.0 17.0 41.0 7.0 30.0 25.0 26.0
40.0 0.0 10.0 37.0 27.0 24.0 25.0 51.0 38.0 40.0 40.0 47.0 24.0 29.0 39.0 39.0 14.0 47.0 31.0 14.0 15.0
45.0 10.0 0.0 39.0 36.0 34.0 31.0 59.0 46.0 46.0 41.0 53.0 34.0 32.0 47.0 40.0 24.0 52.0 41.0 20.0 23.0
13.0 37.0 39.0 0.0 30.0 41.0 13.0 36.0 21.0 18.0 8.0 18.0 41.0 8.0 24.0 4.0 41.0 19.0 38.0 23.0 26.0
24.0 27.0 36.0 30.0 0.0 14.0 18.0 25.0 17.0 20.0 38.0 30.0 13.0 25.0 16.0 34.0 20.0 29.0 8.0 19.0 13.0
38.0 24.0 34.0 41.0 14.0 0.0 28.0 37.0 31.0 34.0 48.0 44.0 1.0 35.0 30.0 45.0 10.0 43.0 11.0 23.0 17.0
14.0 25.0 31.0 13.0 18.0 28.0 0.0 31.0 16.0 15.0 20.0 22.0 28.0 7.0 18.0 17.0 28.0 21.0 26.0 11.0 13.0
23.0 51.0 59.0 36.0 25.0 37.0 31.0 0.0 15.0 18.0 44.0 20.0 36.0 36.0 13.0 40.0 45.0 19.0 26.0 40.0 36.0
9.0 38.0 46.0 21.0 17.0 31.0 16.0 15.0 0.0 4.0 29.0 13.0 30.0 21.0 3.0 25.0 36.0 12.0 22.0 26.0 23.0
5.0 40.0 46.0 18.0 20.0 34.0 15.0 18.0 4.0 0.0 26.0 10.0 33.0 18.0 7.0 22.0 38.0 9.0 26.0 26.0 25.0
21.0 40.0 41.0 8.0 38.0 48.0 20.0 44.0 29.0 26.0 0.0 25.0 47.0 13.0 32.0 4.0 46.0 26.0 46.0 27.0 31.0
8.0 47.0 53.0 18.0 30.0 44.0 22.0 20.0 13.0 10.0 25.0 0.0 43.0 23.0 15.0 21.0 48.0 1.0 35.0 33.0 34.0
37.0 24.0 34.0 41.0 13.0 1.0 28.0 36.0 30.0 33.0 47.0 43.0 0.0 34.0 29.0 44.0 11.0 42.0 10.0 23.0 17.0
15.0 29.0 32.0 8.0 25.0 35.0 7.0 36.0 21.0 18.0 13.0 23.0 34.0 0.0 24.0 10.0 33.0 22.0 33.0 15.0 18.0
12.0 39.0 47.0 24.0 16.0 30.0 18.0 13.0 3.0 7.0 32.0 15.0 29.0 24.0 0.0 28.0 36.0 14.0 20.0 27.0 24.0
17.0 39.0 40.0 4.0 34.0 45.0 17.0 40.0 25.0 22.0 4.0 21.0 44.0 10.0 28.0 0.0 43.0 22.0 42.0 25.0 28.0
41.0 14.0 24.0 41.0 20.0 10.0 28.0 45.0 36.0 38.0 46.0 48.0 11.0 33.0 36.0 43.0 0.0 47.0 21.0 19.0 15.0
7.0 47.0 52.0 19.0 29.0 43.0 21.0 19.0 12.0 9.0 26.0 1.0 42.0 22.0 14.0 22.0 47.0 0.0 34.0 32.0 33.0
30.0 31.0 41.0 38.0 8.0 11.0 26.0 26.0 22.0 26.0 46.0 35.0 10.0 33.0 20.0 42.0 21.0 34.0 0.0 26.0 20.0
25.0 14.0 20.0 23.0 19.0 23.0 11.0 40.0 26.0 26.0 27.0 33.0 23.0 15.0 27.0 25.0 19.0 32.0 26.0 0.0 6.0
26.0 15.0 23.0 26.0 13.0 17.0 13.0 36.0 23.0 25.0 31.0 34.0 17.0 18.0 24.0 28.0 15.0 33.0 20.0 6.0 0.0
