20
200.0 241.0 0
110.0 137.0 0
102.0 145.0 0
93.0 133.0 0
62.0 96.0 0
317.0 372.0 0
0.0 58.0 0
50.0 96.0 0
37.0 108.0 0
0.0 41.0 0
0.0 23.0 0
139.0 189.0 0
23.0 113.0 0
282.0 298.0 0
0.0 46.0 0
252.0 283.0 0
20.0 67.0 0
105.0 218.0 0
254.0 283.0 0
323.0 368.0 0
0.0 48.0 53.0 36.0 46.0 30.0 33.0 19.0 42.0 38.0 4.0 9.0 36.0 42.0 3.0 29.0 32.0 42.0 43.0 27.0 36.0
48.0 0.0 5.0 12.0 3.0 19.0 31.0 29.0 24.0 29.0 49.0 43.0 43.0 16.0 46.0 24.0 34.0 19.0 19.0 38.0 13.0
53.0 5.0 0.0 17.0 8.0 23.0 36.0 34.0 26.0 31.0 54.0 48.0 45.0 18.0 51.0 28.0 39.0 21.0 21.0 43.0 17.0
36.0 12.0 17.0 0.0 10.0 9.0 21.0 17.0 23.0 25.0 37.0 31.0 38.0 15.0 34.0 17.0 23.0 18.0 19.0 27.0 7.0
46.0 3.0 8.0 10.0 0.0 17.0 28.0 27.0 24.0 29.0 47.0 41.0 43.0 16.0 44.0 23.0 31.0 19.0 20.0 35.0 12.0
30.0 19.0 23.0 9.0 17.0 0.0 24.0 12.0 19.0 19.0 31.0 26.0 29.0 14.0 28.0 8.0 26.0 16.0 17.0 27.0 6.0
33.0 31.0 36.0 21.0 28.0 24.0 0.0 19.0 43.0 43.0 30.0 24.0 52.0 36.0 30.0 32.0 3.0 39.0 40.0 9.0 28.0
19.0 29.0 34.0 17.0 27.0 12.0 19.0 0.0 29.0 27.0 20.0 14.0 34.0 26.0 17.0 16.0 19.0 28.0 29.0 18.0 18.0
42.0 24.0 26.0 23.0 24.0 19.0 43.0 29.0 0.0 6.0 45.0 42.0 20.0 8.0 42.0 14.0 45.0 5.0 5.0 46.0 16.0
38.0 29.0 31.0 25.0 29.0 19.0 43.0 27.0 6.0 0.0 41.0 38.0 14.0 13.0 38.0 11.0 44.0 10.0 10.0 45.0 18.0
4.0 49.0 54.0 37.0 47.0 31.0 30.0 20.0 45.0 41.0 0.0 6.0 40.0 43.0 3.0 31.0 29.0 44.0 45.0 24.0 37.0
9.0 43.0 48.0 31.0 41.0 26.0 24.0 14.0 42.0 38.0 6.0 0.0 40.0 39.0 6.0 28.0 23.0 41.0 42.0 18.0 32.0
36.0 43.0 45.0 38.0 43.0 29.0 52.0 34.0 20.0 14.0 40.0 40.0 0.0 27.0 37.0 21.0 53.0 24.0 24.0 52.0 31.0
42.0 16.0 18.0 15.0 16.0 14.0 36.0 26.0 8.0 13.0 43.0 39.0 27.0 0.0 41.0 13.0 38.0 3.0 4.0 40.0 8.0
3.0 46.0 51.0 34.0 44.0 28.0 30.0 17.0 42.0 38.0 3.0 6.0 37.0 41.0 0.0 28.0 29.0 41.0 42.0 24.0 34.0
29.0 24.0 28.0 17.0 23.0 8.0 32.0 16.0 14.0 11.0 31.0 28.0 21.0 13.0 28.0 0.0 33.0 13.0 14.0 34.0 11.0
32.0 34.0 39.0 23.0 31.0 26.0 3.0 19.0 45.0 44.0 29.0 23.0 53.0 38.0 29.0 33.0 0.0 41.0 42.0 6.0 30.0
42.0 19.0 21.0 18.0 19.0 16.0 39.0 28.0 5.0 10.0 44.0 41.0 24.0 3.0 41.0 13.0 41.0 0.0 1.0 43.0 11.0
43.0 19.0 21.0 19.0 20.0 17.0 40.0 29.0 5.0 10.0 45.0 42.0 24.0 4.0 42.0 14.0 42.0 1.0 0.0 44.0 12.0
27.0 38.0 43.0 27.0 35.0 27.0 9.0 18.0 46.0 45.0 24.0 18.0 52.0 40.0 24.0 34.0 6.0 43.0 44.0 0.0 32.0
36.0 13.0 17.0 7.0 12.0 6.0 28.0 18.0 16.0 18.0 37.0 32.0 31.0 8.0 34.0 11.0 30.0 11.0 12.0 32.0 0.0
