20
23.0 40.0 0
171.0 177.0 0
85.0 115.0 0
68.0 76.0 0
0.0 20.0 0
308.0 337.0 0
109.0 119.0 0
46.0 68.0 0
76.0 102.0 0
193.0 222.0 0
143.0 160.0 0
351.0 374.0 0
23.0 38.0 0
118.0 149.0 0
110.0 141.0 0
46.0 85.0 0
127.0 142.0 0
242.0 268.0 0
2.0 26.0 0
292.0 305.0 0
0.0 21.0 30.0 21.0 34.0 3.0 2.0 32.0 36.0 36.0 40.0 45.0 42.0 9.0 34.0 32.0 40.0 40.0 64.0 9.0 20.0
21.0 0.0 23.0 10.0 23.0 24.0 21.0 30.0 17.0 20.0 19.0 47.0 44.0 12.0 36.0 34.0 25.0 40.0 53.0 27.0 5.0
30.0 23.0 0.0 13.0 6.0 31.0 31.0 9.0 18.0 13.0 29.0 26.0 23.0 23.0 15.0 15.0 14.0 19.0 34.0 29.0 18.0
21.0 10.0 13.0 0.0 15.0 23.0 21.0 20.0 16.0 15.0 22.0 37.0 34.0 12.0 26.0 24.0 19.0 30.0 45.0 24.0 5.0
34.0 23.0 6.0 15.0 0.0 36.0 35.0 14.0 14.0 9.0 25.0 29.0 27.0 26.0 20.0 20.0 8.0 24.0 30.0 34.0 19.0
3.0 24.0 31.0 23.0 36.0 0.0 4.0 32.0 39.0 38.0 43.0 45.0 42.0 12.0 33.0 31.0 42.0 39.0 65.0 7.0 23.0
2.0 21.0 31.0 21.0 35.0 4.0 0.0 34.0 36.0 36.0 40.0 47.0 44.0 9.0 35.0 33.0 40.0 41.0 65.0 11.0 20.0
32.0 30.0 9.0 20.0 14.0 32.0 34.0 0.0 27.0 22.0 38.0 16.0 13.0 27.0 6.0 6.0 22.0 10.0 34.0 28.0 25.0
36.0 17.0 18.0 16.0 14.0 39.0 36.0 27.0 0.0 5.0 11.0 43.0 40.0 27.0 33.0 33.0 10.0 37.0 38.0 40.0 16.0
36.0 20.0 13.0 15.0 9.0 38.0 36.0 22.0 5.0 0.0 16.0 38.0 35.0 27.0 28.0 28.0 5.0 32.0 34.0 38.0 17.0
40.0 19.0 29.0 22.0 25.0 43.0 40.0 38.0 11.0 16.0 0.0 54.0 51.0 31.0 44.0 44.0 20.0 48.0 48.0 45.0 20.0
45.0 47.0 26.0 37.0 29.0 45.0 47.0 16.0 43.0 38.0 54.0 0.0 3.0 43.0 12.0 14.0 36.0 6.0 35.0 39.0 41.0
42.0 44.0 23.0 34.0 27.0 42.0 44.0 13.0 40.0 35.0 51.0 3.0 0.0 40.0 9.0 11.0 34.0 3.0 35.0 36.0 38.0
9.0 12.0 23.0 12.0 26.0 12.0 9.0 27.0 27.0 27.0 31.0 43.0 40.0 0.0 31.0 29.0 31.0 37.0 56.0 15.0 11.0
34.0 36.0 15.0 26.0 20.0 33.0 35.0 6.0 33.0 28.0 44.0 12.0 9.0 31.0 0.0 2.0 28.0 6.0 37.0 28.0 31.0
32.0 34.0 15.0 24.0 20.0 31.0 33.0 6.0 33.0 28.0 44.0 14.0 11.0 29.0 2.0 0.0 28.0 8.0 38.0 26.0 29.0
40.0 25.0 14.0 19.0 8.0 42.0 40.0 22.0 10.0 5.0 20.0 36.0 34.0 31.0 28.0 28.0 0.0 31.0 29.0 41.0 21.0
40.0 40.0 19.0 30.0 24.0 39.0 41.0 10.0 37.0 32.0 48.0 6.0 3.0 37.0 6.0 8.0 31.0 0.0 34.0 34.0 35.0
64.0 53.0 34.0 45.0 30.0 65.0 65.0 34.0 38.0 34.0 48.0 35.0 35.0 56.0 37.0 38.0 29.0 34.0 0.0 62.0 49.0
9.0 27.0 29.0 24.0 34.0 7.0 11.0 28.0 40.0 38.0 45.0 39.0 36.0 15.0 28.0 26.0 41.0 34.0 62.0 0.0 25.0
20.0 5.0 18.0 5.0 19.0 23.0 20.0 25.0 16.0 17.0 20.0 41.0 38.0 11.0 31.0 29.0 21.0 35.0 49.0 25.0 0.0
