20
369.0 377.0 0
10.0 41.0 0
4.0 23.0 0
166.0 183.0 0
115.0 126.0 0
117.0 142.0 0
43.0 68.0 0
91.0 115.0 0
67.0 92.0 0
134.0 151.0 0
0.0 19.0 0
179.0 203.0 0
264.0 275.0 0
150.0 176.0 0
55.0 84.0 0
212.0 240.0 0
318.0 324.0 0
200.0 233.0 0
26.0 48.0 0
298.0 302.0 0
0.0 31.0 16.0 5.0 18.0 31.0 28.0 16.0 32.0 28.0 14.0 5.0 5.0 21.0 14.0 22.0 24.0 29.0 27.0 17.0 9.0
31.0 0.0 21.0 32.0 41.0 4.0 18.0 23.0 8.0 32.0 20.0 35.0 36.0 25.0 28.0 37.0 49.0 52.0 44.0 14.0 37.0
16.0 21.0 0.0 14.0 33.0 24.0 28.0 2.0 18.0 16.0 18.0 21.0 18.0 27.0 24.0 16.0 28.0 31.0 23.0 12.0 19.0
5.0 32.0 14.0 0.0 22.0 33.0 32.0 13.0 32.0 24.0 18.0 9.0 4.0 26.0 19.0 17.0 20.0 25.0 22.0 19.0 5.0
18.0 41.0 33.0 22.0 0.0 40.0 30.0 34.0 45.0 46.0 20.0 13.0 21.0 19.0 12.0 39.0 39.0 45.0 44.0 28.0 25.0
31.0 4.0 24.0 33.0 40.0 0.0 14.0 26.0 12.0 36.0 20.0 35.0 36.0 23.0 28.0 40.0 52.0 55.0 47.0 14.0 38.0
28.0 18.0 28.0 32.0 30.0 14.0 0.0 30.0 25.0 44.0 14.0 29.0 33.0 11.0 18.0 44.0 52.0 57.0 51.0 16.0 37.0
16.0 23.0 2.0 13.0 34.0 26.0 30.0 0.0 20.0 14.0 20.0 21.0 17.0 29.0 26.0 14.0 26.0 29.0 21.0 14.0 18.0
32.0 8.0 18.0 32.0 45.0 12.0 25.0 20.0 0.0 26.0 24.0 36.0 36.0 31.0 32.0 33.0 46.0 48.0 40.0 16.0 37.0
28.0 32.0 16.0 24.0 46.0 36.0 44.0 14.0 26.0 0.0 34.0 33.0 28.0 43.0 40.0 11.0 27.0 26.0 17.0 28.0 26.0
14.0 20.0 18.0 18.0 20.0 20.0 14.0 20.0 24.0 34.0 0.0 16.0 19.0 9.0 8.0 32.0 38.0 43.0 38.0 8.0 23.0
5.0 35.0 21.0 9.0 13.0 35.0 29.0 21.0 36.0 33.0 16.0 0.0 8.0 20.0 12.0 26.0 26.0 32.0 31.0 21.0 12.0
5.0 36.0 18.0 4.0 21.0 36.0 33.0 17.0 36.0 28.0 19.0 8.0 0.0 26.0 19.0 20.0 19.0 24.0 23.0 22.0 4.0
21.0 25.0 27.0 26.0 19.0 23.0 11.0 29.0 31.0 43.0 9.0 20.0 26.0 0.0 8.0 41.0 45.0 50.0 47.0 16.0 30.0
14.0 28.0 24.0 19.0 12.0 28.0 18.0 26.0 32.0 40.0 8.0 12.0 19.0 8.0 0.0 36.0 38.0 43.0 41.0 16.0 23.0
22.0 37.0 16.0 17.0 39.0 40.0 44.0 14.0 33.0 11.0 32.0 26.0 20.0 41.0 36.0 0.0 16.0 16.0 7.0 28.0 17.0
24.0 49.0 28.0 20.0 39.0 52.0 52.0 26.0 46.0 27.0 38.0 26.0 19.0 45.0 38.0 16.0 0.0 6.0 11.0 38.0 15.0
29.0 52.0 31.0 25.0 45.0 55.0 57.0 29.0 48.0 26.0 43.0 32.0 24.0 50.0 43.0 16.0 6.0 0.0 9.0 41.0 20.0
27.0 44.0 23.0 22.0 44.0 47.0 51.0 21.0 40.0 17.0 38.0 31.0 23.0 47.0 41.0 7.0 11.0 9.0 0.0 35.0 19.0
17.0 14.0 12.0 19.0 28.0 14.0 16.0 14.0 16.0 28.0 8.0 21.0 22.0 16.0 16.0 28.0 38.0 41.0 35.0 0.0 24.0
9.0 37.0 19.0 5.0 25.0 38.0 37.0 18.0 37.0 26.0 23.0 12.0 4.0 30.0 23.0 17.0 15.0 20.0 19.0 24.0 0.0
