25
152.0 272.0 0
73.0 193.0 0
371.0 491.0 0
519.0 639.0 0
195.0 315.0 0
223.0 343.0 0
653.0 773.0 0
174.0 294.0 0
255.0 375.0 0
703.0 823.0 0
37.0 157.0 0
375.0 495.0 0
397.0 517.0 0
694.0 814.0 0
157.0 277.0 0
810.0 930.0 0
645.0 765.0 0
232.0 352.0 0
152.0 272.0 0
349.0 469.0 0
359.0 479.0 0
547.0 667.0 0
172.0 292.0 0
308.0 428.0 0
810.0 930.0 0
0.0 30.8058 40.3113 33.541 31.6228 33.5261 32.3883 38.0789 39.2938 41.2311 40.3113 37.7359 20.0 26.9258 26.9258 9.2195 19.6469 36.0555 57.0088 14.7648 32.2025 38.2099 48.1664 14.1421 20.5183 19.2354
40.8058 10.0 20.198 51.7612 47.0 47.6962 43.1059 53.4626 50.3113 51.3401 47.2022 17.2801 35.0799 60.636 26.5529 34.6982 24.3178 65.0364 82.0347 42.3883 61.0098 61.9711 69.7746 33.3452 50.1995 22.0416
50.3113 20.198 10.0 60.9902 56.0977 56.5725 51.7612 62.2015 58.4665 59.2443 54.7214 13.0 45.0 70.8276 35.4951 44.7851 31.9317 75.0 91.3941 52.5793 71.0082 71.5224 78.884 43.541 60.3587 31.095
43.541 51.7612 60.9902 10.0 15.0 15.3852 20.198 15.0 19.434 21.1803 24.1421 58.0521 28.0278 32.3607 35.4951 37.0185 52.2019 28.0278 40.4138 28.7883 25.5563 21.1803 28.0278 33.3452 26.0 48.2753
41.6228 47.0 56.0977 15.0 10.0 12.0 15.3852 17.0711 18.0 20.0 21.1803 53.1741 24.1421 35.0 30.6155 34.1868 48.2884 32.3607 45.3553 27.2627 29.4165 26.1245 32.8035 30.0 26.7631 44.2053
43.5261 47.6962 56.5725 15.3852 12.0 10.0 15.0 15.831 16.0 18.0 19.434 53.6807 25.6205 36.6271 31.1896 35.9422 49.6232 33.3238 45.1283 29.2354 30.6155 26.4924 32.3607 31.6333 28.6815 45.4683
42.3883 43.1059 51.7612 20.198 15.3852 15.0 10.0 20.4403 17.8102 19.434 18.0 48.8973 23.0 39.7321 26.5529 34.0416 46.1248 37.7308 50.1123 29.105 34.6982 31.3776 37.2947 29.3132 30.5913 41.8277
48.0789 53.4626 62.2015 15.0 17.0711 15.831 20.4403 10.0 15.831 17.0711 21.1803 59.3356 31.2132 36.9258 36.9258 41.0644 55.3431 31.2132 40.0 33.4094 29.4165 23.0384 27.0294 37.0185 31.0 51.2311
49.2938 50.3113 58.4665 19.434 18.0 16.0 17.8102 15.831 10.0 12.0 15.3852 55.6946 30.5913 41.7648 33.8537 41.3847 53.9318 36.9072 45.1283 35.1794 34.8395 28.868 32.0907 36.8328 34.5153 49.6232
51.2311 51.3401 59.2443 21.1803 20.0 18.0 19.434 17.0711 12.0 10.0 15.0 56.5188 32.3607 43.541 35.0 43.2415 55.4533 38.2843 45.3553 37.1662 36.4008 30.0 32.3607 38.6356 36.4764 51.1096
50.3113 47.2022 54.7214 24.1421 21.1803 19.434 18.0 21.1803 15.3852 15.0 10.0 52.0595 30.6155 46.0555 31.2132 41.7805 52.4382 42.0156 50.3113 37.074 39.6985 34.1868 37.2947 36.9258 37.8568 48.0132
47.7359 17.2801 13.0 58.0521 53.1741 53.6807 48.8973 59.3356 55.6946 56.5188 52.0595 10.0 42.0 67.8705 32.561 41.9531 29.8494 72.0 88.4474 49.6232 68.0086 68.5491 75.9697 40.5941 57.3814 28.6011
30.0 35.0799 45.0 28.0278 24.1421 25.6205 23.0 31.2132 30.5913 32.3607 30.6155 42.0 10.0 36.9258 21.1803 21.1803 34.2074 40.0 57.4342 19.8995 36.0192 37.2029 45.7771 16.3246 26.1555 30.2485
36.9258 60.636 70.8276 32.3607 35.0 36.6271 39.7321 36.9258 41.7648 43.541 46.0555 67.8705 36.9258 10.0 48.0789 37.0185 54.2832 21.1803 42.0156 28.2483 19.0554 28.0278 36.9258 37.2947 20.7703 52.0119
36.9258 26.5529 35.4951 35.4951 30.6155 31.1896 26.5529 36.9258 33.8537 35.0 31.2132 32.561 21.1803 48.0789 10.0 27.8885 31.9317 50.3113 65.9017 30.8087 46.4966 46.1248 53.4166 23.6015 37.313 27.4642
19.2195 34.6982 44.7851 37.0185 34.1868 35.9422 34.0416 41.0644 41.3847 43.2415 41.7805 41.9531 21.1803 37.0185 27.8885 10.0 27.4642 43.8378 63.7122 19.8489 39.7321 43.8378 53.4166 15.0 27.72 25.0
29.6469 24.3178 31.9317 52.2019 48.2884 49.6232 46.1248 55.3431 53.9318 55.4533 52.4382 29.8494 34.2074 54.2832 31.9317 27.4642 10.0 61.2445 80.6824 37.2029 57.1275 60.5371 69.6825 29.2354 45.171 14.4721
46.0555 65.0364 75.0 28.0278 32.3607 33.3238 37.7308 31.2132 36.9072 38.2843 42.0156 72.0 40.0 21.1803 50.3113 43.8378 61.2445 10.0 31.2132 34.0416 14.1231 18.9443 26.1245 42.5576 26.1555 58.2701
67.0088 82.0347 91.3941 40.4138 45.3553 45.1283 50.1123 40.0 45.1283 45.3553 50.3113 88.4474 57.4342 42.0156 65.9017 63.7122 80.6824 31.2132 10.0 53.909 34.8395 30.2485 23.0384 61.4782 46.6197 77.2309
24.7648 42.3883 52.5793 28.7883 27.2627 29.2354 29.105 33.4094 35.1794 37.1662 37.074 49.6232 19.8995 28.2483 30.8087 19.8489 37.2029 34.0416 53.909 10.0 29.9249 34.2074 43.9706 19.0554 18.0623 34.3311
42.2025 61.0098 71.0082 25.5563 29.4165 30.6155 34.6982 29.4165 34.8395 36.4008 39.6985 68.0086 36.0192 19.0554 46.4966 39.7321 57.1275 14.1231 34.8395 29.9249 10.0 19.0 28.0278 38.4429 22.083 54.1475
48.2099 61.9711 71.5224 21.1803 26.1245 26.4924 31.3776 23.0384 28.868 30.0 34.1868 68.5491 37.2029 28.0278 46.1248 43.8378 60.5371 18.9443 30.2485 34.2074 19.0 10.0 20.0 41.305 27.8045 57.0106
58.1664 69.7746 78.884 28.0278 32.8035 32.3607 37.2947 27.0294 32.0907 32.3607 37.2947 75.9697 45.7771 36.9258 53.4166 53.4166 69.6825 26.1245 23.0384 43.9706 28.0278 20.0 10.0 50.4969 37.8029 65.9464
24.1421 33.3452 43.541 33.3452 30.0 31.6333 29.3132 37.0185 36.8328 38.6356 36.9258 40.5941 16.3246 37.2947 23.6015 15.0 29.2354 42.5576 61.4782 19.0554 38.4429 41.305 50.4969 10.0 27.0 25.8114
30.5183 50.1995 60.3587 26.0 26.7631 28.6815 30.5913 31.0 34.5153 36.4764 37.8568 57.3814 26.1555 20.7703 37.313 27.72 45.171 26.1555 46.6197 18.0623 22.083 27.8045 37.8029 27.0 10.0 42.3883
29.2354 22.0416 31.095 48.2753 44.2053 45.4683 41.8277 51.2311 49.6232 51.1096 48.0132 28.6011 30.2485 52.0119 27.4642 25.0 14.4721 58.2701 77.2309 34.3311 54.1475 57.0106 65.9464 25.8114 42.3883 10.0
