25
0.0 960.0 0
0.0 891.0 0
146.0 266.0 0
149.0 269.0 0
194.0 314.0 0
246.0 366.0 0
0.0 899.0 0
80.0 200.0 0
657.0 777.0 0
329.0 449.0 0
376.0 496.0 0
574.0 694.0 0
601.0 721.0 0
167.0 287.0 0
39.0 159.0 0
268.0 388.0 0
241.0 361.0 0
0.0 922.0 0
822.0 942.0 0
0.0 914.0 0
0.0 937.0 0
14.0 134.0 0
808.0 928.0 0
0.0 932.0 0
0.0 929.0 0
0.0 58.5235 57.0088 55.7136 52.2015 52.0 50.2892 51.4782 44.2041 40.3113 30.8058 38.0789 18.0278 29.1548 39.0512 25.2982 25.4951 27.4591 7.6158 35.4683 12.0416 14.7648 21.095 17.1172 20.6155 15.5242
68.5235 10.0 15.0 13.0 17.0711 17.0 18.6023 21.1803 71.7171 75.192 68.258 78.0074 60.0 40.4138 41.6228 43.2415 49.0512 57.4236 60.9215 42.7567 57.5395 53.9659 50.4969 52.0476 49.6232 56.6476
67.0088 15.0 10.0 15.831 15.0 18.6023 17.0 24.1421 67.3062 71.0328 64.4885 74.0312 57.1699 40.0 43.541 41.7805 46.0555 53.8634 59.4773 44.176 56.5296 52.7551 48.0132 50.1622 49.0512 54.2832
65.7136 13.0 15.831 10.0 15.3852 14.0 16.4031 18.6023 70.4152 73.6318 66.4004 76.2873 57.634 37.4591 38.7924 40.4631 46.7967 55.4533 58.1041 39.8329 54.643 51.1096 48.0132 49.3573 46.6742 54.1022
62.2015 17.0711 15.0 15.3852 10.0 15.3852 12.0 21.1803 65.0364 68.3095 61.225 71.0328 53.0116 35.0 39.1548 36.9258 42.0156 50.3609 54.643 39.5466 51.5933 47.855 43.6155 45.4683 44.0588 49.8246
62.0 17.0 18.6023 14.0 15.3852 10.0 15.0 15.831 68.8727 71.7171 64.0833 74.1405 54.5982 33.5372 35.0799 36.8328 43.9706 53.0116 54.3847 35.9615 50.8044 47.3363 44.8281 45.8469 42.7567 50.8044
60.2892 18.6023 17.0 16.4031 12.0 15.0 10.0 20.4403 64.231 67.3062 60.0 69.9083 51.4005 33.0 37.4591 35.0 40.4795 49.0512 52.72 37.7308 49.6232 45.9026 41.9061 43.6155 42.0624 48.0789
61.4782 21.1803 24.1421 18.6023 21.1803 15.831 20.4403 10.0 72.6418 75.0 66.8243 77.082 56.0977 32.3607 30.6155 37.0185 46.0555 55.6508 53.909 32.0907 49.8121 46.7151 46.1248 46.2353 41.3847 51.7253
54.2041 71.7171 67.3062 70.4152 65.0364 68.8727 64.231 72.6418 10.0 17.0 23.4536 22.0 37.7308 60.04 75.0308 53.1045 40.0666 30.3961 52.9418 72.1289 56.6154 54.2719 43.541 48.3275 59.2443 43.2415
50.3113 75.192 71.0328 73.6318 68.3095 71.7171 67.3062 75.0 17.0 10.0 20.198 15.0 35.4951 60.2494 75.192 53.1856 40.4138 30.2237 50.1622 72.0725 54.3847 52.5793 43.0151 47.1214 58.1664 41.4006
40.8058 68.258 64.4885 66.4004 61.225 64.0833 60.0 66.8243 23.4536 20.198 10.0 20.4403 25.2971 50.6079 65.4437 43.541 31.1896 21.1803 40.0832 62.2398 44.2053 42.3883 33.1948 37.0185 48.0526 31.2132
48.0789 78.0074 74.0312 76.2873 71.0328 74.1405 69.9083 77.082 22.0 15.0 20.4403 10.0 35.0 60.9902 75.7647 53.9318 41.6228 31.5407 48.833 72.514 53.4166 52.0476 43.541 47.054 58.0104 41.0
28.0278 60.0 57.1699 57.634 53.0116 54.5982 51.4005 56.0977 37.7308 35.4951 25.2971 35.0 10.0 36.9258 51.2311 30.1246 21.1803 19.434 25.2643 47.855 28.9737 27.1172 20.0 22.1655 33.0217 16.0
39.1548 40.4138 40.0 37.4591 35.0 33.5372 33.0 32.3607 60.04 60.2494 50.6079 60.9902 36.9258 10.0 25.0 17.0711 30.0 40.0666 31.6333 22.1655 27.4642 24.4222 27.4642 25.2643 19.2195 31.4709
49.0512 41.6228 43.541 38.7924 39.1548 35.0799 37.4591 30.6155 75.0308 75.192 65.4437 75.7647 51.2311 25.0 10.0 32.0227 45.0 55.0444 42.45 13.6056 37.2029 35.9422 42.249 39.1204 29.2354 45.4401
35.2982 43.2415 41.7805 40.4631 36.9258 36.8328 35.0 37.0185 53.1045 53.1856 43.541 53.9318 30.1246 17.0711 32.0227 10.0 23.0384 33.0217 27.72 29.0263 25.0 21.0454 20.4403 19.2195 19.434 25.0
35.4951 49.0512 46.0555 46.7967 42.0156 43.9706 40.4795 46.0555 40.0666 40.4138 31.1896 41.6228 21.1803 30.0 45.0 23.0384 10.0 20.198 29.6977 42.0624 30.6155 26.9706 15.0 20.6301 30.1246 20.0499
37.4591 57.4236 53.8634 55.4533 50.3609 53.0116 49.0512 55.6508 30.3961 30.2237 21.1803 31.5407 19.434 40.0666 55.0444 33.0217 20.198 10.0 34.0832 52.0 36.9258 34.1661 23.1529 28.0278 38.8617 23.6015
17.6158 60.9215 59.4773 58.1041 54.643 54.3847 52.72 53.909 52.9418 50.1622 40.0832 48.833 25.2643 31.6333 42.45 27.72 29.6977 34.0832 10.0 38.8444 15.3852 17.2111 24.8661 20.0499 23.4536 20.6301
45.4683 42.7567 44.176 39.8329 39.5466 35.9615 37.7308 32.0907 72.1289 72.0725 62.2398 72.514 47.855 22.1655 13.6056 29.0263 42.0624 52.0 38.8444 10.0 33.6008 32.3607 39.0689 35.7099 25.6525 42.0156
22.0416 57.5395 56.5296 54.643 51.5933 50.8044 49.6232 49.8121 56.6154 54.3847 44.2053 53.4166 28.9737 27.4642 37.2029 25.0 30.6155 36.9258 15.3852 33.6008 10.0 14.1231 25.6205 20.0 18.6023 23.4164
24.7648 53.9659 52.7551 51.1096 47.855 47.3363 45.9026 46.7151 54.2719 52.5793 42.3883 52.0476 27.1172 24.4222 35.9422 21.0454 26.9706 34.1661 17.2111 32.3607 14.1231 10.0 22.0416 16.4031 16.7082 21.1803
31.095 50.4969 48.0132 48.0132 43.6155 44.8281 41.9061 46.1248 43.541 43.0151 33.1948 43.541 20.0 27.4642 42.249 20.4403 15.0 23.1529 24.8661 39.0689 25.6205 22.0416 10.0 15.6569 25.8114 16.3246
27.1172 52.0476 50.1622 49.3573 45.4683 45.8469 43.6155 46.2353 48.3275 47.1214 37.0185 47.054 22.1655 25.2643 39.1204 19.2195 20.6301 28.0278 20.0499 35.7099 20.0 16.4031 15.6569 10.0 21.0454 16.3246
30.6155 49.6232 49.0512 46.6742 44.0588 42.7567 42.0624 41.3847 59.2443 58.1664 48.0526 58.0104 33.0217 19.2195 29.2354 19.434 30.1246 38.8617 23.4536 25.6525 18.6023 16.7082 25.8114 21.0454 10.0 27.0294
25.5242 56.6476 54.2832 54.1022 49.8246 50.8044 48.0789 51.7253 43.2415 41.4006 31.2132 41.0 16.0 31.4709 45.4401 25.0 20.0499 23.6015 20.6301 42.0156 23.4164 21.1803 16.3246 16.3246 27.0294 10.0
