37
0.0 960.0 0
0.0 919.0 0
644.0 764.0 0
388.0 508.0 0
0.0 914.0 0
367.0 487.0 0
0.0 891.0 0
146.0 266.0 0
0.0 894.0 0
0.0 897.0 0
246.0 366.0 0
0.0 899.0 0
0.0 898.0 0
80.0 200.0 0
0.0 902.0 0
657.0 777.0 0
0.0 909.0 0
278.0 398.0 0
329.0 449.0 0
376.0 496.0 0
0.0 911.0 0
0.0 912.0 0
0.0 914.0 0
0.0 931.0 0
599.0 719.0 0
167.0 287.0 0
268.0 388.0 0
612.0 732.0 0
0.0 924.0 0
0.0 922.0 0
822.0 942.0 0
0.0 937.0 0
0.0 937.0 0
14.0 134.0 0
808.0 928.0 0
0.0 932.0 0
0.0 929.0 0
0.0 30.8058 36.0555 33.3017 35.3553 39.0512 58.5235 57.0088 55.7136 52.2015 52.0 50.2892 51.0784 51.4782 47.4342 44.2041 40.6079 37.2022 40.3113 30.8058 38.0789 37.2022 35.3412 18.0278 14.1421 29.1548 25.2982 10.0 25.4951 27.4591 7.6158 12.0416 12.0416 14.7648 21.095 17.1172 20.6155 15.5242
40.8058 10.0 15.3852 14.0 17.0 18.6023 95.7555 93.2406 93.2166 88.8923 89.8812 87.1751 89.0569 90.4301 84.6257 56.0977 53.566 50.3113 49.2938 46.0 44.4819 16.4031 74.0312 46.2491 27.0 68.7282 63.4135 33.4307 57.4236 52.2019 47.5366 41.9061 52.638 54.5533 55.2769 54.2041 60.9902 49.1152
46.0555 15.3852 10.0 15.3852 17.0711 15.0 100.1388 97.4643 97.6584 93.2166 94.4038 91.5414 93.6002 95.1469 89.0569 57.2652 55.0444 52.0 50.3113 48.3275 45.3553 12.0 78.7677 50.3113 32.3607 73.6396 68.1378 38.2843 61.4782 55.5412 52.638 46.4005 57.8017 59.5782 59.6488 58.9183 66.0803 53.6005
43.3017 14.0 15.3852 10.0 13.0 15.831 99.1852 96.7698 96.6083 92.365 93.2166 90.6226 92.3772 93.6002 88.032 60.01 57.5184 54.2832 53.1741 50.0 48.3275 15.0 77.2012 49.9249 29.2094 71.7171 66.6127 36.6271 61.0784 56.0977 50.3113 45.3553 55.2769 57.4236 58.7647 57.4342 63.7401 52.5441
45.3553 17.0 17.0711 13.0 10.0 15.0 101.7878 99.4427 99.1852 95.0 95.7555 93.2406 94.9058 96.0233 90.6226 62.9528 60.4876 57.2652 56.0977 53.0 51.2311 15.831 79.6348 52.72 31.2132 74.0312 69.0762 39.1548 63.8516 59.0306 52.5206 48.0132 57.3814 59.679 61.4296 59.93 65.9017 55.1774
49.0512 18.6023 15.0 15.831 15.0 10.0 104.3398 101.7878 101.8096 97.4643 98.4816 95.7555 97.6584 99.0225 93.2166 62.2398 60.04 57.0 55.2769 53.2897 50.3113 13.0 82.6223 54.7214 35.0 77.2681 72.0081 42.0156 65.9017 60.2892 55.9674 50.4969 60.9902 63.0377 63.8516 62.8015 69.4138 57.7074
68.5235 95.7555 100.1388 99.1852 101.7878 104.3398 10.0 15.0 13.0 17.0711 17.0 18.6023 18.0 21.1803 21.1803 71.7171 70.0333 69.9083 75.192 68.258 78.0074 101.8096 33.5372 60.0 81.5891 40.4138 43.2415 72.6498 49.0512 57.4236 60.9215 63.8516 57.5395 53.9659 50.4969 52.0476 49.6232 56.6476
67.0088 93.2406 97.4643 96.7698 99.4427 101.7878 15.0 10.0 15.831 15.0 18.6023 17.0 19.434 24.1421 20.0 67.3062 65.7584 65.8032 71.0328 64.4885 74.0312 99.1852 33.0 57.1699 79.6419 40.0 41.7805 70.4152 46.0555 53.8634 59.4773 61.4296 56.5296 52.7551 48.0132 50.1622 49.0512 54.2832
65.7136 93.2166 97.6584 96.6083 99.1852 101.8096 13.0 15.831 10.0 15.3852 14.0 16.4031 15.0 18.6023 18.6023 70.4152 68.5918 68.3095 73.6318 66.4004 76.2873 99.3085 30.6155 57.634 78.8767 37.4591 40.4631 70.0333 46.7967 55.4533 58.1041 61.3128 54.643 51.1096 48.0132 49.3573 46.6742 54.1022
62.2015 88.8923 93.2166 92.365 95.0 97.4643 17.0711 15.0 15.3852 10.0 15.3852 12.0 15.831 21.1803 15.0 65.0364 63.2353 63.0 68.3095 61.225 71.0328 94.9058 28.0 53.0116 75.0 35.0 36.9258 65.9017 42.0156 50.3609 54.643 57.0106 51.5933 47.855 43.6155 45.4683 44.0588 49.8246
62.0 89.8812 94.4038 93.2166 95.7555 98.4816 17.0 18.6023 14.0 15.3852 10.0 15.0 11.0 15.831 15.831 68.8727 66.8595 66.356 71.7171 64.0833 74.1405 96.0233 26.7631 54.5982 75.2993 33.5372 36.8328 66.6039 43.9706 53.0116 54.3847 58.0104 50.8044 47.3363 44.8281 45.8469 42.7567 50.8044
60.2892 87.1751 91.5414 90.6226 93.2406 95.7555 18.6023 17.0 16.4031 12.0 15.0 10.0 15.099 20.4403 13.0 64.231 62.3259 61.9711 67.3062 60.0 69.9083 93.2166 26.0 51.4005 73.1585 33.0 35.0 64.1202 40.4795 49.0512 52.72 55.2769 49.6232 45.9026 41.9061 43.6155 42.0624 48.0789
61.0784 89.0569 93.6002 92.3772 94.9058 97.6584 18.0 19.434 15.0 15.831 11.0 15.099 10.0 15.3852 15.3852 68.5235 66.4624 65.9017 71.2699 63.535 73.6318 95.2115 25.8114 53.8634 74.4127 32.561 35.9422 65.7584 43.3017 52.4382 53.4626 57.2017 49.8497 46.4005 44.0588 44.9857 41.7805 50.0
61.4782 90.4301 95.1469 93.6002 96.0233 99.0225 21.1803 24.1421 18.6023 21.1803 15.831 20.4403 15.3852 10.0 20.0 72.6418 70.407 69.6154 75.0 66.8243 77.082 96.6833 26.4012 56.0977 75.192 32.3607 37.0185 67.0088 46.0555 55.6508 53.909 58.8365 49.8121 46.7151 46.1248 46.2353 41.3847 51.7253
57.4342 84.6257 89.0569 88.032 90.6226 93.2166 21.1803 20.0 18.6023 15.0 15.831 13.0 15.3852 20.0 10.0 63.1413 61.0784 60.5371 65.9017 58.2597 68.3095 90.7094 23.0 49.0512 70.4152 30.0 32.1359 61.4782 38.2843 47.2022 49.8497 52.72 46.6742 42.9848 39.4109 40.8707 39.0689 45.5106
54.2041 56.0977 57.2652 60.01 62.9528 62.2398 71.7171 67.3062 70.4152 65.0364 68.8727 64.231 68.5235 72.6418 63.1413 10.0 13.6056 17.0711 17.0 23.4536 22.0 59.2544 60.2494 37.7308 54.6542 60.04 53.1045 46.7967 40.0666 30.3961 52.9418 42.45 56.6154 54.2719 43.541 48.3275 59.2443 43.2415
50.6079 53.566 55.0444 57.5184 60.4876 60.04 70.0333 65.7584 68.5918 63.2353 66.8595 62.3259 66.4624 70.407 61.0784 13.6056 10.0 13.6056 15.831 19.8995 20.4403 57.0425 57.5184 34.1661 51.3401 57.0 50.0125 43.3017 37.0 27.1172 49.3573 38.8444 53.0813 50.8044 40.2655 44.9285 55.8912 39.7321
47.2022 50.3113 52.0 54.2832 57.2652 57.0 69.9083 65.8032 68.3095 63.0 66.356 61.9711 65.9017 69.6154 60.5371 17.0711 13.6056 10.0 15.3852 16.4031 18.6023 54.0 56.0977 31.1896 47.7359 55.0999 48.0526 39.7321 35.1794 25.0333 46.2491 35.5539 50.1622 48.0789 38.0179 42.3883 53.4166 36.9258
50.3113 49.2938 50.3113 53.1741 56.0977 55.2769 75.192 71.0328 73.6318 68.3095 71.7171 67.3062 71.2699 75.0 65.9017 17.0 15.831 15.3852 10.0 20.198 15.0 52.2966 61.4198 35.4951 49.0512 60.2494 53.1856 42.0156 40.4138 30.2237 50.1622 39.1548 54.3847 52.5793 43.0151 47.1214 58.1664 41.4006
40.8058 46.0 48.3275 50.0 53.0 53.2897 68.258 64.4885 66.4004 61.225 64.0833 60.0 63.535 66.8243 58.2597 23.4536 19.8995 16.4031 20.198 10.0 20.4403 50.3113 52.3792 25.2971 41.7648 50.6079 43.541 33.4307 31.1896 21.1803 40.0832 29.2354 44.2053 42.3883 33.1948 37.0185 48.0526 31.2132
48.0789 44.4819 45.3553 48.3275 51.2311 50.3113 78.0074 74.0312 76.2873 71.0328 74.1405 69.9083 73.6318 77.082 68.3095 22.0 20.4403 18.6023 15.0 20.4403 10.0 47.3363 62.811 35.0 45.3553 60.9902 53.9318 39.1548 41.6228 31.5407 48.833 37.6586 53.4166 52.0476 43.541 47.054 58.0104 41.0
47.2022 16.4031 12.0 15.0 15.831 13.0 101.8096 99.1852 99.3085 94.9058 96.0233 93.2166 95.2115 96.6833 90.7094 59.2544 57.0425 54.0 52.2966 50.3113 47.3363 10.0 80.2922 52.0595 33.3238 75.0692 69.6657 39.7321 63.2353 57.4342 53.9318 48.0132 59.0408 60.9313 61.3128 60.448 67.3847 55.2217
45.3412 74.0312 78.7677 77.2012 79.6348 82.6223 33.5372 33.0 30.6155 28.0 26.7631 26.0 25.8114 26.4012 23.0 60.2494 57.5184 56.0977 61.4198 52.3792 62.811 80.2922 10.0 40.2324 58.8774 17.0 20.6301 50.6079 31.1896 41.3209 37.7308 42.5269 34.0416 30.6155 30.2485 29.8494 26.1245 35.4951
28.0278 46.2491 50.3113 49.9249 52.72 54.7214 60.0 57.1699 57.634 53.0116 54.5982 51.4005 53.8634 56.0977 49.0512 37.7308 34.1661 31.1896 35.4951 25.2971 35.0 52.0595 40.2324 10.0 35.0 36.9258 30.1246 25.0 21.1803 19.434 25.2643 16.3246 28.9737 27.1172 20.0 22.1655 33.0217 16.0
24.1421 27.0 32.3607 29.2094 31.2132 35.0 81.5891 79.6419 78.8767 75.0 75.2993 73.1585 74.4127 75.192 70.4152 54.6542 51.3401 47.7359 49.0512 41.7648 45.3553 33.3238 58.8774 35.0 10.0 53.0116 48.4708 20.0 45.3553 43.3766 31.4009 29.105 36.1725 38.6007 42.0156 39.5466 44.7131 35.7099
39.1548 68.7282 73.6396 71.7171 74.0312 77.2681 40.4138 40.0 37.4591 35.0 33.5372 33.0 32.561 32.3607 30.0 60.04 57.0 55.0999 60.2494 50.6079 60.9902 75.0692 17.0 36.9258 53.0116 10.0 17.0711 45.3553 30.0 40.0666 31.6333 38.0179 27.4642 24.4222 27.4642 25.2643 19.2195 31.4709
35.2982 63.4135 68.1378 66.6127 69.0762 72.0081 43.2415 41.7805 40.4631 36.9258 36.8328 35.0 35.9422 37.0185 32.1359 53.1045 50.0125 48.0526 53.1856 43.541 53.9318 69.6657 20.6301 30.1246 48.4708 17.0711 10.0 40.0 23.0384 33.0217 27.72 31.9317 25.0 21.0454 20.4403 19.2195 19.434 25.0
20.0 33.4307 38.2843 36.6271 39.1548 42.0156 72.6498 70.4152 70.0333 65.9017 66.6039 64.1202 65.7584 67.0088 61.4782 46.7967 43.3017 39.7321 42.0156 33.4307 39.1548 39.7321 50.6079 25.0 20.0 45.3553 40.0 10.0 35.4951 33.5372 24.7648 19.2195 30.1246 31.4009 32.4722 30.8087 38.0179 26.1555
35.4951 57.4236 61.4782 61.0784 63.8516 65.9017 49.0512 46.0555 46.7967 42.0156 43.9706 40.4795 43.3017 46.0555 38.2843 40.0666 37.0 35.1794 40.4138 31.1896 41.6228 63.2353 31.1896 21.1803 45.3553 30.0 23.0384 35.4951 10.0 20.198 29.6977 26.2788 30.6155 26.9706 15.0 20.6301 30.1246 20.0499
37.4591 52.2019 55.5412 56.0977 59.0306 60.2892 57.4236 53.8634 55.4533 50.3609 53.0116 49.0512 52.4382 55.6508 47.2022 30.3961 27.1172 25.0333 30.2237 21.1803 31.5407 57.4342 41.3209 19.434 43.3766 40.0666 33.0217 33.5372 20.198 10.0 34.0832 25.6525 36.9258 34.1661 23.1529 28.0278 38.8617 23.6015
17.6158 47.5366 52.638 50.3113 52.5206 55.9674 60.9215 59.4773 58.1041 54.643 54.3847 52.72 53.4626 53.909 49.8497 52.9418 49.3573 46.2491 50.1622 40.0832 48.833 53.9318 37.7308 25.2643 31.4009 31.6333 27.72 24.7648 29.6977 34.0832 10.0 21.1803 15.3852 17.2111 24.8661 20.0499 23.4536 20.6301
22.0416 41.9061 46.4005 45.3553 48.0132 50.4969 63.8516 61.4296 61.3128 57.0106 58.0104 55.2769 57.2017 58.8365 52.72 42.45 38.8444 35.5539 39.1548 29.2354 37.6586 48.0132 42.5269 16.3246 29.105 38.0179 31.9317 19.2195 26.2788 25.6525 21.1803 10.0 26.0 25.5242 23.4164 22.8062 32.1359 17.2111
22.0416 52.638 57.8017 55.2769 57.3814 60.9902 57.5395 56.5296 54.643 51.5933 50.8044 49.6232 49.8497 49.8121 46.6742 56.6154 53.0813 50.1622 54.3847 44.2053 53.4166 59.0408 34.0416 28.9737 36.1725 27.4642 25.0 30.1246 30.6155 36.9258 15.3852 26.0 10.0 14.1231 25.6205 20.0 18.6023 23.4164
24.7648 54.5533 59.5782 57.4236 59.679 63.0377 53.9659 52.7551 51.1096 47.855 47.3363 45.9026 46.4005 46.7151 42.9848 54.2719 50.8044 48.0789 52.5793 42.3883 52.0476 60.9313 30.6155 27.1172 38.6007 24.4222 21.0454 31.4009 26.9706 34.1661 17.2111 25.5242 14.1231 10.0 22.0416 16.4031 16.7082 21.1803
31.095 55.2769 59.6488 58.7647 61.4296 63.8516 50.4969 48.0132 48.0132 43.6155 44.8281 41.9061 44.0588 46.1248 39.4109 43.541 40.2655 38.0179 43.0151 33.1948 43.541 61.3128 30.2485 20.0 42.0156 27.4642 20.4403 32.4722 15.0 23.1529 24.8661 23.4164 25.6205 22.0416 10.0 15.6569 25.8114 16.3246
27.1172 54.2041 58.9183 57.4342 59.93 62.8015 52.0476 50.1622 49.3573 45.4683 45.8469 43.6155 44.9857 46.2353 40.8707 48.3275 44.9285 42.3883 47.1214 37.0185 47.054 60.448 29.8494 22.1655 39.5466 25.2643 19.2195 30.8087 20.6301 28.0278 20.0499 22.8062 20.0 16.4031 15.6569 10.0 21.0454 16.3246
30.6155 60.9902 66.0803 63.7401 65.9017 69.4138 49.6232 49.0512 46.6742 44.0588 42.7567 42.0624 41.7805 41.3847 39.0689 59.2443 55.8912 53.4166 58.1664 48.0526 58.0104 67.3847 26.1245 33.0217 44.7131 19.2195 19.434 38.0179 30.1246 38.8617 23.4536 32.1359 18.6023 16.7082 25.8114 21.0454 10.0 27.0294
25.5242 49.1152 53.6005 52.5441 55.1774 57.7074 56.6476 54.2832 54.1022 49.8246 50.8044 48.0789 50.0 51.7253 45.5106 43.2415 39.7321 36.9258 41.4006 31.2132 41.0 55.2217 35.4951 16.0 35.7099 31.4709 25.0 26.1555 20.0499 23.6015 20.6301 17.2111 23.4164 21.1803 16.3246 16.3246 27.0294 10.0
