37
0.0 960.0 0
591.0 874.0 0
470.0 687.0 0
359.0 911.0 0
359.0 909.0 0
338.0 451.0 0
205.0 422.0 0
511.0 682.0 0
158.0 391.0 0
263.0 606.0 0
45.0 522.0 0
68.0 349.0 0
131.0 376.0 0
114.0 497.0 0
102.0 347.0 0
423.0 576.0 0
281.0 490.0 0
421.0 896.0 0
347.0 566.0 0
380.0 902.0 0
42.0 466.0 0
613.0 894.0 0
39.0 353.0 0
20.0 497.0 0
11.0 570.0 0
112.0 543.0 0
441.0 902.0 0
211.0 930.0 0
427.0 913.0 0
183.0 400.0 0
162.0 493.0 0
360.0 900.0 0
19.0 326.0 0
332.0 485.0 0
365.0 472.0 0
20.0 299.0 0
546.0 667.0 0
0.0 38.0789 31.6228 38.0789 40.3113 45.1774 40.05 35.0571 45.0 35.0 45.0444 55.7136 52.2015 52.0 50.2892 38.0526 33.541 14.1421 26.9258 47.1699 42.4264 26.9258 39.0512 20.6155 11.1803 25.2982 10.0 19.6469 36.0555 57.0088 42.9418 49.98 19.2354 32.2025 38.2099 20.6155 48.1664 19.2354
48.0789 10.0 57.4342 63.8516 57.1699 92.2253 86.9025 82.0347 91.3941 81.5891 91.0494 96.6833 92.0061 93.6301 90.4301 84.9533 81.5891 35.4951 70.208 85.6637 76.7083 36.9258 86.3217 68.5235 56.0977 68.0517 39.1548 28.868 75.192 92.4621 90.9568 92.0244 65.3173 71.131 72.3699 67.1402 80.214 28.9737
41.6228 57.4342 10.0 17.0711 21.1803 58.7955 53.8634 50.6079 56.0977 49.0512 54.8219 92.6075 90.1561 88.6384 88.1601 52.5206 59.2443 38.2843 35.0 40.4138 30.0 30.6155 68.5235 46.4005 35.0 64.037 46.0555 48.2884 32.3607 45.3553 67.3062 49.2173 38.4605 29.4165 26.1245 56.0977 32.8035 44.2053
48.0789 63.8516 17.0711 10.0 21.1803 59.2037 54.6542 52.0595 56.0977 50.3113 54.5982 97.1436 95.0 93.1505 93.0 53.566 62.2015 45.3553 36.9258 36.9258 25.8114 36.9258 71.8466 50.3113 40.4138 69.4138 53.0116 55.3431 31.2132 40.0 69.6154 46.7151 42.249 29.4165 23.0384 61.0392 27.0294 51.2311
50.3113 57.1699 21.1803 21.1803 10.0 69.4643 64.6717 61.614 66.5685 60.0 65.1725 103.2148 100.5539 99.2693 98.5664 63.4135 70.4152 43.541 46.0555 48.0789 36.9258 31.2132 79.6419 57.4342 45.3553 74.0703 52.72 52.4382 42.0156 50.3113 78.4763 57.8853 49.5601 39.6985 34.1868 66.5685 37.2947 48.0132
55.1774 92.2253 58.7955 59.2037 69.4643 10.0 15.3852 20.198 14.0 20.7703 16.0 64.1202 64.9181 60.6063 63.2541 17.2801 28.6011 66.7539 34.4131 39.4279 47.1618 72.1772 35.807 35.02 46.1386 52.0595 65.1453 74.6297 38.3019 49.0 27.4642 31.095 36.9258 39.8329 47.2156 44.176 52.0595 73.3482
50.05 86.9025 53.8634 54.6542 64.6717 15.3852 10.0 15.0 15.3852 15.3852 16.4031 63.8516 64.1202 60.1597 62.3546 12.0 26.4012 61.4198 29.2094 37.0 43.5261 66.8243 35.0799 30.2237 40.8058 48.833 60.04 69.4138 34.1661 47.3363 28.1108 30.2485 31.587 35.2389 43.1059 40.4138 48.833 68.0517
45.0571 82.0347 50.6079 52.0595 61.614 20.198 15.0 10.0 20.198 12.0 20.7703 62.2015 62.0 58.3839 60.1597 13.0 23.9284 56.5725 25.6205 37.4591 42.3883 62.4786 33.5372 25.2971 35.9615 44.8281 55.0444 64.4518 32.561 48.3275 28.2483 32.4722 26.7631 32.8473 41.3209 36.0768 48.1182 63.1507
55.0 91.3941 56.0977 56.0977 66.5685 14.0 15.3852 20.198 10.0 20.0 12.0 67.6975 68.3095 64.1202 66.6039 17.2801 31.2132 65.9017 32.3607 35.4951 43.541 70.4152 39.1548 35.4951 45.3553 54.1022 65.0 74.195 35.0 45.0 31.1896 27.1172 36.1725 36.8701 43.8378 45.7771 48.2753 72.6498
45.0 81.5891 49.0512 50.3113 60.0 20.7703 15.3852 12.0 20.0 10.0 20.198 64.1202 63.8516 60.2892 62.0 13.6056 25.8114 56.0977 24.1421 35.4951 40.4138 61.4782 35.4951 25.8114 35.4951 46.1248 55.0 64.231 30.6155 46.4005 30.2237 30.8087 26.2788 31.0238 39.4109 37.2029 46.1248 62.7731
55.0444 91.0494 54.8219 54.5982 65.1725 16.0 16.4031 20.7703 12.0 20.198 10.0 69.5063 70.0333 65.9017 68.3095 18.0623 32.6716 65.5788 31.5407 33.5372 41.7648 69.6154 40.8869 35.9615 45.1283 55.2217 65.0364 74.0703 33.4307 43.0 33.0868 25.1327 36.0192 35.4951 42.2025 46.7151 46.4005 72.3939
65.7136 96.6833 92.6075 97.1436 103.2148 64.1202 63.8516 62.2015 67.6975 64.1202 69.5063 10.0 15.3852 14.0 16.4031 63.1413 48.3275 78.8767 72.2013 89.555 92.6075 92.6378 38.7924 57.0 67.8705 40.4631 70.0333 79.0652 82.6911 100.5207 46.7151 84.0945 65.0091 81.2531 90.2247 46.6742 98.8144 81.3442
62.2015 92.0061 90.1561 95.0 100.5539 64.9181 64.1202 62.0 68.3095 63.8516 70.0333 15.3852 10.0 15.3852 12.0 63.2259 48.0789 75.0 70.8276 89.0569 91.3941 89.0569 39.1548 55.2769 65.2268 36.9258 65.9017 74.6607 81.5891 100.1388 47.8021 84.2496 63.1507 79.8713 88.7718 44.0588 97.6641 77.1193
62.0 93.6301 88.6384 93.1505 99.2693 60.6063 60.1597 58.3839 64.1202 60.2892 65.9017 14.0 15.3852 10.0 15.0 59.3964 44.4819 75.2993 68.2151 85.6902 88.6384 88.924 35.0799 53.0 63.9351 36.8328 66.6039 75.8027 78.7314 96.6833 43.2866 80.3847 61.0098 77.2681 86.2365 42.7567 94.8528 77.9559
60.2892 90.4301 88.1601 93.0 98.5664 63.2541 62.3546 60.1597 66.6039 62.0 68.3095 16.4031 12.0 15.0 10.0 61.4296 46.2491 73.1585 68.8558 87.1622 89.4292 87.1622 37.4591 53.2897 63.2353 35.0 64.1202 72.9682 79.6348 98.2553 46.2353 82.45 61.1566 77.897 86.7919 42.0624 95.703 75.3682
48.0526 84.9533 52.5206 53.566 63.4135 17.2801 12.0 13.0 17.2801 13.6056 18.0623 63.1413 63.2259 59.3964 61.4296 10.0 25.2643 59.4773 27.6918 37.074 42.9848 65.0727 34.3516 28.2483 38.8617 47.2022 58.0416 67.4282 33.4094 47.6563 28.0 31.0238 29.6469 34.1868 42.311 38.6531 48.4708 66.0892
43.541 81.5891 59.2443 62.2015 70.4152 28.6011 26.4012 23.9284 31.2132 25.8114 32.6716 48.3275 48.0789 44.4819 46.2491 25.2643 10.0 57.1699 35.4951 51.2311 55.0 66.5685 20.0 24.1421 38.2843 33.7697 52.72 62.9245 45.0 62.2015 19.434 46.2353 31.095 44.2345 53.1856 27.0294 61.0392 62.7731
24.1421 35.4951 38.2843 45.3553 43.541 66.7539 61.4198 56.5725 65.9017 56.0977 65.5788 78.8767 75.0 75.2993 73.1585 59.4773 57.1699 10.0 45.0 62.2015 54.7214 25.0 63.1507 43.541 30.6155 48.4708 20.0 20.2956 51.2311 70.4152 66.6039 67.4282 39.8329 47.108 50.2492 44.7131 59.3964 17.0711
36.9258 70.208 35.0 36.9258 46.0555 34.4131 29.2094 25.6205 32.3607 24.1421 31.5407 72.2013 70.8276 68.2151 68.8558 27.6918 35.4951 45.0 10.0 31.2132 30.6155 48.0789 45.3553 25.8114 25.8114 48.0132 46.4005 54.2832 21.1803 42.0156 42.6956 33.0868 19.2195 19.0554 28.0278 38.6356 36.9258 52.0119
57.1699 85.6637 40.4138 36.9258 48.0789 39.4279 37.0 37.4591 35.4951 35.4951 33.5372 89.555 89.0569 85.6902 87.1622 37.074 51.2311 62.2015 31.2132 10.0 21.1803 60.0 60.9902 46.0555 46.0555 68.5235 65.9017 72.2977 21.1803 21.1803 55.0444 20.6301 40.4138 25.2315 24.3178 59.0918 23.6015 69.203
52.4264 76.7083 30.0 25.8114 36.9258 47.1618 43.5261 42.3883 43.541 40.4138 41.7648 92.6075 91.3941 88.6384 89.4292 42.9848 55.0 54.7214 30.6155 21.1803 10.0 50.3113 65.0 46.4005 42.0156 68.3095 60.0 65.0091 20.0 25.8114 60.636 31.4009 39.1548 21.7047 14.4721 59.0408 16.3246 61.4782
36.9258 36.9258 30.6155 36.9258 31.2132 72.1772 66.8243 62.4786 70.4152 61.4782 69.6154 92.6378 89.0569 88.924 87.1622 65.0727 66.5685 25.0 48.0789 60.0 50.3113 10.0 74.0312 52.4264 38.2843 62.2015 35.0 31.9317 50.3113 65.9017 75.7951 67.5587 46.4005 46.4966 46.1248 57.0106 53.4166 27.4642
49.0512 86.3217 68.5235 71.8466 79.6419 35.807 35.0799 33.5372 39.1548 35.4951 40.8869 38.7924 39.1548 35.0799 37.4591 34.3516 20.0 63.1507 45.3553 60.9902 65.0 74.0312 10.0 32.3607 46.0555 32.0227 57.1699 67.4543 55.0 71.8466 19.434 55.31 40.0832 54.1814 63.1507 29.2354 71.0328 68.0086
30.6155 68.5235 46.4005 50.3113 57.4342 35.02 30.2237 25.2971 35.4951 25.8114 35.9615 57.0 55.2769 53.0 53.2897 28.2483 24.1421 43.541 25.8114 46.0555 46.4005 52.4264 32.3607 10.0 24.1421 32.4722 40.4138 50.2616 36.9258 57.1699 33.4307 44.8281 18.0623 34.7386 43.541 23.0384 52.72 49.5601
21.1803 56.0977 35.0 40.4138 45.3553 46.1386 40.8058 35.9615 45.3553 35.4951 45.1283 67.8705 65.2268 63.9351 63.2353 38.8617 38.2843 30.6155 25.8114 46.0555 42.0156 38.2843 46.0555 24.1421 10.0 39.0689 30.6155 39.0 35.0 56.0977 47.5366 48.8973 19.2195 31.2603 38.0179 31.2132 48.0132 37.2947
35.2982 68.0517 64.037 69.4138 74.0703 52.0595 48.833 44.8281 54.1022 46.1248 55.2217 40.4631 36.9258 36.8328 35.0 47.2022 33.7697 48.4708 48.0132 68.5235 68.3095 62.2015 32.0227 32.4722 39.0689 10.0 40.0 49.6232 59.1935 79.6419 40.2655 66.5862 39.1548 56.6154 65.0273 19.434 74.622 51.4005
20.0 39.1548 46.0555 53.0116 52.72 65.1453 60.04 55.0444 65.0 55.0 65.0364 70.0333 65.9017 66.6039 64.1202 58.0416 52.72 20.0 46.4005 65.9017 60.0 35.0 57.1699 40.4138 30.6155 40.0 10.0 20.2956 54.7214 75.192 62.0 69.4811 39.1548 50.7063 55.607 38.0179 65.3173 21.4018
29.6469 28.868 48.2884 55.3431 52.4382 74.6297 69.4138 64.4518 74.195 64.231 74.0703 79.0652 74.6607 75.8027 72.9682 67.4282 62.9245 20.2956 54.2832 72.2977 65.0091 31.9317 67.4543 50.2616 39.0 49.6232 20.2956 10.0 61.2445 80.6824 72.2415 77.082 48.0526 57.1275 60.5371 48.2753 69.6825 14.4721
46.0555 75.192 32.3607 31.2132 42.0156 38.3019 34.1661 32.561 35.0 30.6155 33.4307 82.6911 81.5891 78.7314 79.6348 33.4094 45.0 51.2311 21.1803 21.1803 20.0 50.3113 55.0 36.9258 35.0 59.1935 54.7214 61.2445 10.0 31.2132 50.7922 27.2627 30.2485 14.1231 18.9443 49.8121 26.1245 58.2701
67.0088 92.4621 45.3553 40.0 50.3113 49.0 47.3363 48.3275 45.0 46.4005 43.0 100.5207 100.1388 96.6833 98.2553 47.6563 62.2015 70.4152 42.0156 21.1803 25.8114 65.9017 71.8466 57.1699 56.0977 79.6419 75.192 80.6824 31.2132 10.0 65.4437 28.1108 51.2311 34.8395 30.2485 70.208 23.0384 77.2309
52.9418 90.9568 67.3062 69.6154 78.4763 27.4642 28.1108 28.2483 31.1896 30.2237 33.0868 46.7151 47.8021 43.2866 46.2353 28.0 19.434 66.6039 42.6956 55.0444 60.636 75.7951 19.434 33.4307 47.5366 40.2655 62.0 72.2415 50.7922 65.4437 10.0 48.0789 39.8329 50.8044 59.4773 35.318 66.3205 72.1772
59.98 92.0244 49.2173 46.7151 57.8853 31.095 30.2485 32.4722 27.1172 30.8087 25.1327 84.0945 84.2496 80.3847 82.45 31.0238 46.2353 67.4282 33.0868 20.6301 31.4009 67.5587 55.31 44.8281 48.8973 66.5862 69.4811 77.082 27.2627 28.1108 48.0789 10.0 41.305 31.095 33.7065 57.3814 34.2074 74.4981
29.2354 65.3173 38.4605 42.249 49.5601 36.9258 31.587 26.7631 36.1725 26.2788 36.0192 65.0091 63.1507 61.0098 61.1566 29.6469 31.095 39.8329 19.2195 40.4138 39.1548 46.4005 40.0832 18.0623 19.2195 39.1548 39.1548 48.0526 30.2485 51.2311 39.8329 41.305 10.0 27.4642 35.9615 29.9249 45.4683 46.4966
42.2025 71.131 29.4165 29.4165 39.6985 39.8329 35.2389 32.8473 36.8701 31.0238 35.4951 81.2531 79.8713 77.2681 77.897 34.1868 44.2345 47.108 19.0554 25.2315 21.7047 46.4966 54.1814 34.7386 31.2603 56.6154 50.7063 57.1275 14.1231 34.8395 50.8044 31.095 27.4642 10.0 19.0 47.3363 28.0278 54.1475
48.2099 72.3699 26.1245 23.0384 34.1868 47.2156 43.1059 41.3209 43.8378 39.4109 42.2025 90.2247 88.7718 86.2365 86.7919 42.311 53.1856 50.2492 28.0278 24.3178 14.4721 46.1248 63.1507 43.541 38.0179 65.0273 55.607 60.5371 18.9443 30.2485 59.4773 33.7065 35.9615 19.0 10.0 55.8803 20.0 57.0106
30.6155 67.1402 56.0977 61.0392 66.5685 44.176 40.4138 36.0768 45.7771 37.2029 46.7151 46.6742 44.0588 42.7567 42.0624 38.6531 27.0294 44.7131 38.6356 59.0918 59.0408 57.0106 29.2354 23.0384 31.2132 19.434 38.0179 48.2753 49.8121 70.208 35.318 57.3814 29.9249 47.3363 55.8803 10.0 65.3624 49.0512
58.1664 80.214 32.8035 27.0294 37.2947 52.0595 48.833 48.1182 48.2753 46.1248 46.4005 98.8144 97.6641 94.8528 95.703 48.4708 61.0392 59.3964 36.9258 23.6015 16.3246 53.4166 71.0328 52.72 48.0132 74.622 65.3173 69.6825 26.1245 23.0384 66.3205 34.2074 45.4683 28.0278 20.0 65.3624 10.0 65.9464
29.2354 28.9737 44.2053 51.2311 48.0132 73.3482 68.0517 63.1507 72.6498 62.7731 72.3939 81.3442 77.1193 77.9559 75.3682 66.0892 62.7731 17.0711 52.0119 69.203 61.4782 27.4642 68.0086 49.5601 37.2947 51.4005 21.4018 14.4721 58.2701 77.2309 72.1772 74.4981 46.4966 54.1475 57.0106 49.0512 65.9464 10.0
