35
195.0 315.0 0
0.0 917.0 0
0.0 914.0 0
174.0 294.0 0
0.0 904.0 0
0.0 909.0 0
0.0 914.0 0
0.0 905.0 0
375.0 495.0 0
201.0 321.0 0
0.0 914.0 0
784.0 904.0 0
0.0 904.0 0
440.0 560.0 0
0.0 916.0 0
557.0 677.0 0
0.0 923.0 0
782.0 902.0 0
0.0 907.0 0
0.0 910.0 0
191.0 311.0 0
11.0 131.0 0
566.0 686.0 0
645.0 765.0 0
0.0 892.0 0
268.0 388.0 0
764.0 884.0 0
0.0 935.0 0
0.0 930.0 0
395.0 515.0 0
0.0 914.0 0
0.0 917.0 0
0.0 897.0 0
0.0 945.0 0
0.0 901.0 0
0.0 33.5261 32.3883 35.3553 39.2938 45.1774 40.05 35.0571 45.0 35.0 45.0444 35.0571 45.2769 45.0444 38.0526 33.541 18.0278 26.9258 47.1699 42.4264 39.0512 20.6155 11.1803 13.0384 36.0555 57.0088 42.9418 49.98 14.7648 19.2354 27.0185 35.4683 32.2025 52.4786 4.2426 48.1664
43.5261 10.0 15.0 15.831 16.0 60.2096 55.3431 52.2019 57.4236 50.6079 56.0977 49.0512 54.2041 58.7955 54.0454 61.0784 52.2966 36.6271 40.8058 30.0998 70.407 48.3275 37.0 43.1361 33.3238 45.1283 69.0593 49.9249 29.2354 40.3645 60.2195 67.5674 30.6155 78.6003 39.8329 32.3607
42.3883 15.0 10.0 13.0 17.8102 63.8145 58.7955 55.3431 61.225 53.8634 60.0 52.4264 58.2597 62.4976 57.3814 63.2353 53.1741 39.7321 45.6931 35.0799 72.2415 49.9249 37.4591 43.9559 37.7308 50.1123 71.5873 54.5982 29.105 42.2025 61.5461 69.2368 34.6982 81.2811 39.0689 37.2947
45.3553 15.831 13.0 10.0 15.831 65.8659 60.9313 57.634 63.1507 56.0977 61.8556 54.5982 60.0 64.4885 59.5782 65.9017 56.0977 42.0156 46.4005 35.4951 75.0 52.72 40.4138 46.8782 39.1548 50.0 74.1405 55.6946 32.0907 44.9285 64.4059 72.0322 36.4008 83.7835 42.0624 37.0185
49.2938 16.0 17.8102 15.831 10.0 64.6717 60.0 57.1699 61.6624 55.4863 60.2096 53.8292 58.1041 63.1507 58.8262 66.648 58.2597 41.7648 42.6956 31.5407 76.0984 54.1475 43.0 49.1152 36.9072 45.1283 74.405 52.5441 35.1794 46.1386 66.0892 73.3246 34.8395 83.8241 45.6931 32.0907
55.1774 60.2096 63.8145 65.8659 64.6717 10.0 15.3852 20.198 14.0 20.7703 16.0 21.6619 19.0 12.0 17.2801 28.6011 40.5941 34.4131 39.4279 47.1618 35.807 35.02 46.1386 42.1403 38.3019 49.0 27.4642 31.095 51.6293 36.9258 37.2947 36.1725 39.8329 33.0 52.5793 52.0595
50.05 55.3431 58.7955 60.9313 60.0 15.3852 10.0 15.0 15.3852 15.3852 16.4031 16.4031 18.6023 15.0 12.0 26.4012 36.2488 29.2094 37.0 43.5261 35.0799 30.2237 40.8058 37.0185 34.1661 47.3363 28.1108 30.2485 46.2491 31.587 34.2074 34.6982 35.2389 35.4951 47.3363 48.833
45.0571 52.2019 55.3431 57.634 57.1699 20.198 15.0 10.0 20.198 12.0 20.7703 14.0 22.2066 20.0 13.0 23.9284 31.5407 25.6205 37.4591 42.3883 33.5372 25.2971 35.9615 32.0227 32.561 48.3275 28.2483 32.4722 41.7648 26.7631 30.5183 32.4722 32.8473 36.9258 42.3883 48.1182
55.0 57.4236 61.225 63.1507 61.6624 14.0 15.3852 20.198 10.0 20.0 12.0 20.198 15.0 12.0 17.2801 31.2132 41.6228 32.3607 35.4951 43.541 39.1548 35.4951 45.3553 42.0156 35.0 45.0 31.1896 27.1172 50.1622 36.1725 39.4109 39.2062 36.8701 37.0 52.107 48.2753
45.0 50.6079 53.8634 56.0977 55.4863 20.7703 15.3852 12.0 20.0 10.0 20.198 12.0 21.1803 20.198 13.6056 25.8114 32.3607 24.1421 35.4951 40.4138 35.4951 25.8114 35.4951 32.0227 30.6155 46.4005 30.2237 30.8087 40.8707 26.2788 32.0227 34.3516 31.0238 38.7924 42.1403 46.1248
55.0444 56.0977 60.0 61.8556 60.2096 16.0 16.4031 20.7703 12.0 20.198 10.0 20.0 13.0 14.0 18.0623 32.6716 42.311 31.5407 33.5372 41.7648 40.8869 35.9615 45.1283 42.1403 33.4307 43.0 33.0868 25.1327 49.5601 36.0192 40.6105 40.8058 35.4951 39.0 52.0119 46.4005
45.0571 49.0512 52.4264 54.5982 53.8292 21.6619 16.4031 14.0 20.198 12.0 20.0 10.0 20.4403 20.7703 15.0 27.72 33.3238 22.8062 33.5372 38.4429 37.4591 26.5529 35.1794 32.2036 28.6815 44.4819 32.2036 29.2094 40.0832 26.0312 33.6008 36.2488 29.2354 40.6757 42.0156 44.1321
55.2769 54.2041 58.2597 60.0 58.1041 19.0 18.6023 22.2066 15.0 21.1803 13.0 20.4403 10.0 17.0 19.8995 35.0 43.541 30.6155 30.6155 39.1548 43.541 36.9258 45.0 42.5576 31.2132 40.0 35.9615 22.1655 48.833 36.0768 42.5576 43.2866 33.6008 42.0 52.0476 43.6155
55.0444 58.7955 62.4976 64.4885 63.1507 12.0 15.0 20.0 12.0 20.198 14.0 20.7703 17.0 10.0 17.0 29.8494 41.0483 33.3238 37.4591 45.3412 37.4591 35.1794 45.6931 42.0156 36.6271 47.0 29.3132 29.105 50.8534 36.4764 38.3019 37.6586 38.3196 35.0 52.2966 50.1622
48.0526 54.0454 57.3814 59.5782 58.8262 17.2801 12.0 13.0 17.2801 13.6056 18.0623 15.0 19.8995 17.0 10.0 25.2643 34.3516 27.6918 37.074 42.9848 34.3516 28.2483 38.8617 35.02 33.4094 47.6563 28.0 31.0238 44.4384 29.6469 32.6716 33.7065 34.1868 35.9615 45.3553 48.4708
43.541 61.0784 63.2353 65.9017 66.648 28.6011 26.4012 23.9284 31.2132 25.8114 32.6716 27.72 35.0 29.8494 25.2643 10.0 25.8114 35.4951 51.2311 55.0 20.0 24.1421 38.2843 32.0227 45.0 62.2015 19.434 46.2353 46.2353 31.095 19.2195 18.544 44.2345 29.2094 42.45 61.0392
28.0278 52.2966 53.1741 56.0977 58.2597 40.5941 36.2488 31.5407 41.6228 32.3607 42.311 33.3238 43.541 41.0483 34.3516 25.8114 10.0 32.3607 53.0116 52.72 31.2132 17.0711 25.8114 19.2195 43.541 64.0833 35.0799 51.8688 34.3516 23.6015 19.2195 27.6918 41.0161 44.4819 27.6918 59.0408
36.9258 36.6271 39.7321 42.0156 41.7648 34.4131 29.2094 25.6205 32.3607 24.1421 31.5407 22.8062 30.6155 33.3238 27.6918 35.4951 32.3607 10.0 31.2132 30.6155 45.3553 25.8114 25.8114 26.2788 21.1803 42.0156 42.6956 33.0868 28.2483 19.2195 37.2947 43.0606 19.0554 52.0595 33.0868 36.9258
57.1699 40.8058 45.6931 46.4005 42.6956 39.4279 37.0 37.4591 35.4951 35.4951 33.5372 33.5372 30.6155 37.4591 37.074 51.2311 53.0116 31.2132 10.0 21.1803 60.9902 46.0555 46.0555 47.4833 21.1803 21.1803 55.0444 20.6301 45.1141 40.4138 56.0977 59.7293 25.2315 62.2398 53.0465 23.6015
52.4264 30.0998 35.0799 35.4951 31.5407 47.1618 43.5261 42.3883 43.541 40.4138 41.7648 38.4429 39.1548 45.3412 42.9848 55.0 52.72 30.6155 21.1803 10.0 65.0 46.4005 42.0156 45.3553 20.0 25.8114 60.636 31.4009 38.6007 39.1548 57.8539 63.0848 21.7047 68.9406 48.1838 16.3246
49.0512 70.407 72.2415 75.0 76.0984 35.807 35.0799 33.5372 39.1548 35.4951 40.8869 37.4591 43.541 37.4591 34.3516 20.0 31.2132 45.3553 60.9902 65.0 10.0 32.3607 46.0555 39.4109 55.0 71.8466 19.434 55.31 54.4185 40.0832 22.0416 13.6056 54.1814 25.1327 48.8973 71.0328
30.6155 48.3275 49.9249 52.72 54.1475 35.02 30.2237 25.2971 35.4951 25.8114 35.9615 26.5529 36.9258 35.1794 28.2483 24.1421 17.0711 25.8114 46.0555 46.4005 32.3607 10.0 24.1421 18.0623 36.9258 57.1699 33.4307 44.8281 32.2036 18.0623 22.0416 29.3132 34.7386 43.3017 28.7883 52.72
21.1803 37.0 37.4591 40.4138 43.0 46.1386 40.8058 35.9615 45.3553 35.4951 45.1283 35.1794 45.0 45.6931 38.8617 38.2843 25.8114 25.8114 46.0555 42.0156 46.0555 24.1421 10.0 16.7082 35.0 56.0977 47.5366 48.8973 18.544 19.2195 34.5967 42.7567 31.2603 57.4236 17.2801 48.0132
23.0384 43.1361 43.9559 46.8782 49.1152 42.1403 37.0185 32.0227 42.0156 32.0227 42.1403 32.2036 42.5576 42.0156 35.02 32.0227 19.2195 26.2788 47.4833 45.3553 39.4109 18.0623 16.7082 10.0 37.0185 58.1664 41.4006 48.4708 25.2315 17.2111 27.8885 36.0768 33.8537 51.2311 20.7703 51.5933
46.0555 33.3238 37.7308 39.1548 36.9072 38.3019 34.1661 32.561 35.0 30.6155 33.4307 28.6815 31.2132 36.6271 33.4094 45.0 43.541 21.1803 21.1803 20.0 55.0 36.9258 35.0 37.0185 10.0 31.2132 50.7922 27.2627 34.0416 30.2485 48.0789 53.1045 14.1231 59.3356 41.9061 26.1245
67.0088 45.1283 50.1123 50.0 45.1283 49.0 47.3363 48.3275 45.0 46.4005 43.0 44.4819 40.0 47.0 47.6563 62.2015 64.0833 42.0156 21.1803 25.8114 71.8466 57.1699 56.0977 58.1664 31.2132 10.0 65.4437 28.1108 53.909 51.2311 67.2713 70.7289 34.8395 72.0 62.8015 23.0384
52.9418 69.0593 71.5873 74.1405 74.405 27.4642 28.1108 28.2483 31.1896 30.2237 33.0868 32.2036 35.9615 29.3132 28.0 19.434 35.0799 42.6956 55.0444 60.636 19.434 33.4307 47.5366 41.4006 50.7922 65.4437 10.0 48.0789 55.2769 39.8329 27.2627 21.4018 50.8044 19.8995 51.8808 66.3205
59.98 49.9249 54.5982 55.6946 52.5441 31.095 30.2485 32.4722 27.1172 30.8087 25.1327 29.2094 22.1655 29.105 31.0238 46.2353 51.8688 33.0868 20.6301 31.4009 55.31 44.8281 48.8973 48.4708 27.2627 28.1108 48.0789 10.0 50.1995 41.305 52.8019 54.7214 31.095 54.0454 56.1736 34.2074
24.7648 29.2354 29.105 32.0907 35.1794 51.6293 46.2491 41.7648 50.1622 40.8707 49.5601 40.0832 48.833 50.8534 44.4384 46.2353 34.3516 28.2483 45.1141 38.6007 54.4185 32.2036 18.544 25.2315 34.0416 53.909 55.2769 50.1995 10.0 25.6205 43.1059 51.1825 29.9249 65.1725 20.7703 43.9706
29.2354 40.3645 42.2025 44.9285 46.1386 36.9258 31.587 26.7631 36.1725 26.2788 36.0192 26.0312 36.0768 36.4764 29.6469 31.095 23.6015 19.2195 40.4138 39.1548 40.0832 18.0623 19.2195 17.2111 30.2485 51.2311 39.8329 41.305 25.6205 10.0 30.0998 37.2029 27.4642 49.6989 26.0 45.4683
37.0185 60.2195 61.5461 64.4059 66.0892 37.2947 34.2074 30.5183 39.4109 32.0227 40.6105 33.6008 42.5576 38.3019 32.6716 19.2195 19.2195 37.2947 56.0977 57.8539 22.0416 22.0416 34.5967 27.8885 48.0789 67.2713 27.2627 52.8019 43.1059 30.0998 10.0 18.4853 46.3456 36.0 36.9072 64.1295
45.4683 67.5674 69.2368 72.0322 73.3246 36.1725 34.6982 32.4722 39.2062 34.3516 40.8058 36.2488 43.2866 37.6586 33.7065 18.544 27.6918 43.0606 59.7293 63.0848 13.6056 29.3132 42.7567 36.0768 53.1045 70.7289 21.4018 54.7214 51.1825 37.2029 18.4853 10.0 52.0119 28.4391 45.3836 69.2115
42.2025 30.6155 34.6982 36.4008 34.8395 39.8329 35.2389 32.8473 36.8701 31.0238 35.4951 29.2354 33.6008 38.3196 34.1868 44.2345 41.0161 19.0554 25.2315 21.7047 54.1814 34.7386 31.2603 33.8537 14.1231 34.8395 50.8044 31.095 29.9249 27.4642 46.3456 52.0119 10.0 59.7695 38.0179 28.0278
62.4786 78.6003 81.2811 83.7835 83.8241 33.0 35.4951 36.9258 37.0 38.7924 39.0 40.6757 42.0 35.0 35.9615 29.2094 44.4819 52.0595 62.2398 68.9406 25.1327 43.3017 57.4236 51.2311 59.3356 72.0 19.8995 54.0454 65.1725 49.6989 36.0 28.4391 59.7695 10.0 61.614 74.3273
14.2426 39.8329 39.0689 42.0624 45.6931 52.5793 47.3363 42.3883 52.107 42.1403 52.0119 42.0156 52.0476 52.2966 45.3553 42.45 27.6918 33.0868 53.0465 48.1838 48.8973 28.7883 17.2801 20.7703 41.9061 62.8015 51.8808 56.1736 20.7703 26.0 36.9072 45.3836 38.0179 61.614 10.0 53.9318
58.1664 32.3607 37.2947 37.0185 32.0907 52.0595 48.833 48.1182 48.2753 46.1248 46.4005 44.1321 43.6155 50.1622 48.4708 61.0392 59.0408 36.9258 23.6015 16.3246 71.0328 52.72 48.0132 51.5933 26.1245 23.0384 66.3205 34.2074 43.9706 45.4683 64.1295 69.2115 28.0278 74.3273 53.9318 10.0
