26
335.0 455.0 0
254.0 374.0 0
537.0 657.0 0
0.0 905.0 0
375.0 495.0 0
201.0 321.0 0
681.0 801.0 0
784.0 904.0 0
621.0 741.0 0
0.0 902.0 0
0.0 904.0 0
440.0 560.0 0
0.0 914.0 0
326.0 446.0 0
0.0 925.0 0
557.0 677.0 0
782.0 902.0 0
191.0 311.0 0
566.0 686.0 0
157.0 277.0 0
0.0 892.0 0
268.0 388.0 0
764.0 884.0 0
0.0 930.0 0
395.0 515.0 0
713.0 833.0 0
0.0 45.1774 40.05 35.0571 45.0 35.0 45.0444 35.0571 45.2769 51.0784 47.4342 45.0444 38.0526 35.3412 33.541 25.0 18.0278 47.1699 20.6155 13.0384 9.2195 57.0088 42.9418 49.98 19.2354 27.0185 52.4786
55.1774 10.0 15.3852 20.198 14.0 20.7703 16.0 21.6619 19.0 59.7393 60.8035 12.0 17.2801 51.0366 28.6011 41.4006 40.5941 39.4279 35.02 42.1403 58.7647 49.0 27.4642 31.095 36.9258 37.2947 33.0
50.05 15.3852 10.0 15.0 15.3852 15.3852 16.4031 16.4031 18.6023 59.2443 59.7393 15.0 12.0 49.0512 26.4012 36.2488 36.2488 37.0 30.2237 37.0185 53.4166 47.3363 28.1108 30.2485 31.587 34.2074 35.4951
45.0571 20.198 15.0 10.0 20.198 12.0 20.7703 14.0 22.2066 57.4342 57.4236 20.0 13.0 46.0555 23.9284 32.6716 31.5407 37.4591 25.2971 32.0227 48.6005 48.3275 28.2483 32.4722 26.7631 30.5183 36.9258
55.0 14.0 15.3852 20.198 10.0 20.0 12.0 20.198 15.0 63.2353 64.0833 12.0 17.2801 53.8634 31.2132 39.1548 41.6228 35.4951 35.4951 42.0156 57.8539 45.0 31.1896 27.1172 36.1725 39.4109 37.0
45.0 20.7703 15.3852 12.0 20.0 10.0 20.198 12.0 21.1803 59.3356 59.2443 20.198 13.6056 47.7359 25.8114 31.2132 32.3607 35.4951 25.8114 32.0227 48.0789 46.4005 30.2237 30.8087 26.2788 32.0227 38.7924
55.0444 16.0 16.4031 20.7703 12.0 20.198 10.0 20.0 13.0 65.0091 65.7584 14.0 18.0623 55.3431 32.6716 38.178 42.311 33.5372 35.9615 42.1403 57.5184 43.0 33.0868 25.1327 36.0192 40.6105 39.0
45.0571 21.6619 16.4031 14.0 20.198 12.0 20.0 10.0 20.4403 61.2445 61.0784 20.7703 15.0 49.4462 27.72 29.8494 33.3238 33.5372 26.5529 32.2036 47.6563 44.4819 32.2036 29.2094 26.0312 33.6008 40.6757
55.2769 19.0 18.6023 22.2066 15.0 21.1803 13.0 20.4403 10.0 67.6975 68.3095 17.0 19.8995 57.634 35.0 36.9258 43.541 30.6155 36.9258 42.5576 57.1699 40.0 35.9615 22.1655 36.0768 42.5576 42.0
61.0784 59.7393 59.2443 57.4342 63.2353 59.3356 65.0091 61.2445 67.6975 10.0 15.3852 61.4782 58.4665 25.8114 43.5261 72.0 47.3363 84.7262 52.0 56.5296 70.1664 95.7263 42.45 79.4622 60.01 40.0167 42.0156
57.4342 60.8035 59.7393 57.4236 64.0833 59.2443 65.7584 61.0784 68.3095 15.3852 10.0 62.4309 58.7647 23.0 43.541 70.208 45.0 84.3303 50.3113 54.0454 66.6127 95.44 43.9706 79.7711 58.1664 38.6356 44.9857
55.0444 12.0 15.0 20.0 12.0 20.198 14.0 20.7703 17.0 61.4782 62.4309 10.0 17.0 52.4264 29.8494 40.2324 41.0483 37.4591 35.1794 42.0156 58.2701 47.0 29.3132 29.105 36.4764 38.3019 35.0
48.0526 17.2801 12.0 13.0 17.2801 13.6056 18.0623 15.0 19.8995 58.4665 58.7647 17.0 10.0 47.8021 25.2643 34.7588 34.3516 37.074 28.2483 35.02 51.4849 47.6563 28.0 31.0238 29.6469 32.6716 35.9615
45.3412 51.0366 49.0512 46.0555 53.8634 47.7359 55.3431 49.4462 57.634 25.8114 23.0 52.4264 47.8021 10.0 32.6716 57.2652 32.0 72.2415 37.4591 41.0644 54.3847 83.4098 35.9422 68.5235 45.2278 26.1555 40.4138
43.541 28.6011 26.4012 23.9284 31.2132 25.8114 32.6716 27.72 35.0 43.5261 43.541 29.8494 25.2643 32.6716 10.0 41.6228 25.8114 51.2311 24.1421 32.0227 50.0 62.2015 19.434 46.2353 31.095 19.2195 29.2094
35.0 41.4006 36.2488 32.6716 39.1548 31.2132 38.178 29.8494 36.9258 72.0 70.208 40.2324 34.7588 57.2652 41.6228 10.0 35.4951 32.3607 30.0 27.4642 32.8035 42.0156 49.3573 37.074 22.0416 42.0156 58.8774
28.0278 40.5941 36.2488 31.5407 41.6228 32.3607 42.311 33.3238 43.541 47.3363 45.0 41.0483 34.3516 32.0 25.8114 35.4951 10.0 53.0116 17.0711 19.2195 35.4951 64.0833 35.0799 51.8688 23.6015 19.2195 44.4819
57.1699 39.4279 37.0 37.4591 35.4951 35.4951 33.5372 33.5372 30.6155 84.7262 84.3303 37.4591 37.074 72.2415 51.2311 32.3607 53.0116 10.0 46.0555 47.4833 54.9444 21.1803 55.0444 20.6301 40.4138 56.0977 62.2398
30.6155 35.02 30.2237 25.2971 35.4951 25.8114 35.9615 26.5529 36.9258 52.0 50.3113 35.1794 28.2483 37.4591 24.1421 30.0 17.0711 46.0555 10.0 18.0623 36.0768 57.1699 33.4307 44.8281 18.0623 22.0416 43.3017
23.0384 42.1403 37.0185 32.0227 42.0156 32.0227 42.1403 32.2036 42.5576 56.5296 54.0454 42.0156 35.02 41.0644 32.0227 27.4642 19.2195 47.4833 18.0623 10.0 28.0278 58.1664 41.4006 48.4708 17.2111 27.8885 51.2311
19.2195 58.7647 53.4166 48.6005 57.8539 48.0789 57.5184 47.6563 57.1699 70.1664 66.6127 58.2701 51.4849 54.3847 50.0 32.8035 35.4951 54.9444 36.0768 28.0278 10.0 63.7122 59.4065 59.6488 31.8403 44.7131 69.203
67.0088 49.0 47.3363 48.3275 45.0 46.4005 43.0 44.4819 40.0 95.7263 95.44 47.0 47.6563 83.4098 62.2015 42.0156 64.0833 21.1803 57.1699 58.1664 63.7122 10.0 65.4437 28.1108 51.2311 67.2713 72.0
52.9418 27.4642 28.1108 28.2483 31.1896 30.2237 33.0868 32.2036 35.9615 42.45 43.9706 29.3132 28.0 35.9422 19.434 49.3573 35.0799 55.0444 33.4307 41.4006 59.4065 65.4437 10.0 48.0789 39.8329 27.2627 19.8995
59.98 31.095 30.2485 32.4722 27.1172 30.8087 25.1327 29.2094 22.1655 79.4622 79.7711 29.105 31.0238 68.5235 46.2353 37.074 51.8688 20.6301 44.8281 48.4708 59.6488 28.1108 48.0789 10.0 41.305 52.8019 54.0454
29.2354 36.9258 31.587 26.7631 36.1725 26.2788 36.0192 26.0312 36.0768 60.01 58.1664 36.4764 29.6469 45.2278 31.095 22.0416 23.6015 40.4138 18.0623 17.2111 31.8403 51.2311 39.8329 41.305 10.0 30.0998 49.6989
37.0185 37.2947 34.2074 30.5183 39.4109 32.0227 40.6105 33.6008 42.5576 40.0167 38.6356 38.3019 32.6716 26.1555 19.2195 42.0156 19.2195 56.0977 22.0416 27.8885 44.7131 67.2713 27.2627 52.8019 30.0998 10.0 36.0
62.4786 33.0 35.4951 36.9258 37.0 38.7924 39.0 40.6757 42.0 42.0156 44.9857 35.0 35.9615 40.4138 29.2094 58.8774 44.4819 62.2398 43.3017 51.2311 69.203 72.0 19.8995 54.0454 49.6989 36.0 10.0
