28
0.0 960.0 0
35.0 155.0 0
335.0 455.0 0
254.0 374.0 0
537.0 657.0 0
215.0 335.0 0
375.0 495.0 0
201.0 321.0 0
657.0 777.0 0
557.0 677.0 0
574.0 694.0 0
105.0 225.0 0
440.0 560.0 0
326.0 446.0 0
175.0 295.0 0
601.0 721.0 0
557.0 677.0 0
42.0 162.0 0
191.0 311.0 0
11.0 131.0 0
566.0 686.0 0
268.0 388.0 0
822.0 942.0 0
105.0 225.0 0
395.0 515.0 0
344.0 464.0 0
719.0 839.0 0
808.0 928.0 0
0.0 35.3553 45.1774 40.05 35.0571 45.0 35.0 45.0444 44.2041 40.6079 38.0789 38.3275 38.0526 33.541 25.0 18.0278 18.0278 42.4264 20.6155 11.1803 13.0384 42.9418 7.6158 19.2354 27.0185 35.4683 12.0416 21.095 15.5242
45.3553 10.0 65.8659 60.9313 57.634 63.1507 56.0977 61.8556 83.7835 80.4911 74.0312 13.0 59.5782 65.9017 35.0 62.2015 56.0977 35.4951 52.72 40.4138 46.8782 74.1405 52.0476 44.9285 64.4059 72.0322 54.1022 66.4358 60.8035
55.1774 65.8659 10.0 15.3852 20.198 14.0 20.7703 16.0 93.2406 89.8123 90.7527 68.0 17.2801 28.6011 41.4006 66.0892 40.5941 47.1618 35.02 46.1386 42.1403 27.4642 52.107 36.9258 37.2947 36.1725 47.3363 59.98 60.2195
50.05 60.9313 15.3852 10.0 15.0 15.3852 15.3852 16.4031 89.0569 85.5844 86.1183 63.1507 12.0 26.4012 36.2488 61.6624 36.2488 43.5261 30.2237 40.8058 37.0185 28.1108 47.3363 31.587 34.2074 34.6982 42.7567 56.0977 55.8803
45.0571 57.634 20.198 15.0 10.0 20.198 12.0 20.7703 84.3303 80.8378 81.1969 60.0 13.0 23.9284 32.6716 56.8402 31.5407 42.3883 25.2971 35.9615 32.0227 28.2483 42.3883 26.7631 30.5183 32.4722 37.8927 51.5933 51.1096
55.0 63.1507 14.0 15.3852 20.198 10.0 20.0 12.0 94.4334 90.9568 91.3941 65.1725 17.2801 31.2132 39.1548 67.0088 41.6228 43.541 35.4951 45.3553 42.0156 31.1896 52.5793 36.1725 39.4109 39.2062 48.0789 61.4782 61.2445
45.0 56.0977 20.7703 15.3852 12.0 20.0 10.0 20.198 85.0267 81.5122 81.5891 58.4149 13.6056 25.8114 31.2132 57.4342 32.3607 40.4138 25.8114 35.4951 32.0227 30.2237 42.7567 26.2788 32.0227 34.3516 38.4605 52.5441 51.7852
55.0444 61.8556 16.0 16.4031 20.7703 12.0 20.198 10.0 95.0941 91.5966 91.7863 63.8145 18.0623 32.6716 38.178 67.5674 42.311 41.7648 35.9615 45.1283 42.1403 33.0868 52.9535 36.0192 40.6105 40.8058 48.6005 62.3259 61.8652
54.2041 83.7835 93.2406 89.0569 84.3303 94.4334 85.0267 95.0941 10.0 13.6056 22.0 86.3217 87.1622 76.0984 79.2026 37.7308 62.811 96.4523 69.2368 65.2178 64.5894 83.3348 52.9418 71.7738 66.8859 72.1289 56.6154 43.541 43.2415
50.6079 80.4911 89.8123 85.5844 80.8378 90.9568 81.5122 91.5966 13.6056 10.0 20.4403 83.0616 83.6817 72.8013 75.6049 34.1661 59.3356 92.8794 65.7136 61.614 61.0 80.1783 49.3573 68.1808 63.6004 69.0339 53.0813 40.2655 39.7321
48.0789 74.0312 90.7527 86.1183 81.1969 91.3941 81.5891 91.7863 22.0 20.4403 10.0 76.4003 84.1485 75.0 72.6498 35.0 60.2494 89.0569 65.9017 59.2443 60.0 83.171 48.833 66.921 66.0357 72.514 53.4166 43.541 41.0
48.3275 13.0 68.0 63.1507 60.0 65.1725 58.4149 63.8145 86.3217 83.0616 76.4003 10.0 61.8556 68.6003 37.4591 65.0818 59.0306 36.2488 55.5412 43.3766 49.8121 76.7308 55.0444 47.6962 67.28 74.846 57.0956 69.4138 63.7587
48.0526 59.5782 17.2801 12.0 13.0 17.2801 13.6056 18.0623 87.1622 83.6817 84.1485 61.8556 10.0 25.2643 34.7588 59.7293 34.3516 42.9848 28.2483 38.8617 35.02 28.0 45.3553 29.6469 32.6716 33.7065 40.8058 54.2832 53.9659
43.541 65.9017 28.6011 26.4012 23.9284 31.2132 25.8114 32.6716 76.0984 72.8013 75.0 68.6003 25.2643 10.0 41.6228 50.0 25.8114 55.0 24.1421 38.2843 32.0227 19.434 38.1603 31.095 19.2195 18.544 32.8035 42.5576 44.0
35.0 35.0 41.4006 36.2488 32.6716 39.1548 31.2132 38.178 79.2026 75.6049 72.6498 37.4591 34.7588 41.6228 10.0 52.4264 35.4951 28.0278 30.0 24.1421 27.4642 49.3573 37.8029 22.0416 42.0156 48.6394 36.8328 52.19 48.4187
28.0278 62.2015 66.0892 61.6624 56.8402 67.0088 57.4342 67.5674 37.7308 34.1661 35.0 65.0818 59.7293 50.0 52.4264 10.0 35.4951 70.208 41.6228 38.2843 36.9258 58.2597 25.2643 44.1321 41.0644 47.855 28.9737 20.0 16.0
28.0278 56.0977 40.5941 36.2488 31.5407 41.6228 32.3607 42.311 62.811 59.3356 60.2494 59.0306 34.3516 25.8114 35.4951 35.4951 10.0 52.72 17.0711 25.8114 19.2195 35.0799 22.3693 23.6015 19.2195 27.6918 17.0711 30.2485 29.6469
52.4264 35.4951 47.1618 43.5261 42.3883 43.541 40.4138 41.7648 96.4523 92.8794 89.0569 36.2488 42.9848 55.0 28.0278 70.208 52.72 10.0 46.4005 42.0156 45.3553 60.636 55.8039 39.1548 57.8539 63.0848 54.7772 70.208 66.4004
30.6155 52.72 35.02 30.2237 25.2971 35.4951 25.8114 35.9615 69.2368 65.7136 65.9017 55.5412 28.2483 24.1421 30.0 41.6228 17.0711 46.4005 10.0 24.1421 18.0623 33.4307 27.1172 18.0623 22.0416 29.3132 22.6491 37.2029 36.0
21.1803 40.4138 46.1386 40.8058 35.9615 45.3553 35.4951 45.1283 65.2178 61.614 59.2443 43.3766 38.8617 38.2843 24.1421 38.2843 25.8114 42.0156 24.1421 10.0 16.7082 47.5366 23.8924 19.2195 34.5967 42.7567 24.1421 38.6356 34.4131
23.0384 46.8782 42.1403 37.0185 32.0227 42.0156 32.0227 42.1403 64.5894 61.0 60.0 49.8121 35.02 32.0227 27.4642 36.9258 19.2195 45.3553 18.0623 16.7082 10.0 41.4006 21.6619 17.2111 27.8885 36.0768 19.434 35.0 32.0227
52.9418 74.1405 27.4642 28.1108 28.2483 31.1896 30.2237 33.0868 83.3348 80.1783 83.171 76.7308 28.0 19.434 49.3573 58.2597 35.0799 60.636 33.4307 47.5366 41.4006 10.0 47.3363 39.8329 27.2627 21.4018 41.9531 50.0125 52.2966
17.6158 52.0476 52.107 47.3363 42.3883 52.5793 42.7567 52.9535 52.9418 49.3573 48.833 55.0444 45.3553 38.1603 37.8029 25.2643 22.3693 55.8039 27.1172 23.8924 21.6619 47.3363 10.0 28.868 30.5913 38.8444 15.3852 24.8661 20.6301
29.2354 44.9285 36.9258 31.587 26.7631 36.1725 26.2788 36.0192 71.7738 68.1808 66.921 47.6962 29.6469 31.095 22.0416 44.1321 23.6015 39.1548 18.0623 19.2195 17.2111 39.8329 28.868 10.0 30.0998 37.2029 26.2788 41.8904 39.2062
37.0185 64.4059 37.2947 34.2074 30.5183 39.4109 32.0227 40.6105 66.8859 63.6004 66.0357 67.28 32.6716 19.2195 42.0156 41.0644 19.2195 57.8539 22.0416 34.5967 27.8885 27.2627 30.5913 30.0998 10.0 18.4853 25.2643 33.3452 35.0799
45.4683 72.0322 36.1725 34.6982 32.4722 39.2062 34.3516 40.8058 72.1289 69.0339 72.514 74.846 33.7065 18.544 48.6394 47.855 27.6918 63.0848 29.3132 42.7567 36.0768 21.4018 38.8444 37.2029 18.4853 10.0 33.6008 39.0689 42.0156
22.0416 54.1022 47.3363 42.7567 37.8927 48.0789 38.4605 48.6005 56.6154 53.0813 53.4166 57.0956 40.8058 32.8035 36.8328 28.9737 17.0711 54.7772 22.6491 24.1421 19.434 41.9531 15.3852 26.2788 25.2643 33.6008 10.0 25.6205 23.4164
31.095 66.4358 59.98 56.0977 51.5933 61.4782 52.5441 62.3259 43.541 40.2655 43.541 69.4138 54.2832 42.5576 52.19 20.0 30.2485 70.208 37.2029 38.6356 35.0 50.0125 24.8661 41.8904 33.3452 39.0689 25.6205 10.0 16.3246
25.5242 60.8035 60.2195 55.8803 51.1096 61.2445 51.7852 61.8652 43.2415 39.7321 41.0 63.7587 53.9659 44.0 48.4187 16.0 29.6469 66.4004 36.0 34.4131 32.0227 52.2966 20.6301 39.2062 35.0799 42.0156 23.4164 16.3246 10.0
