32
0.0 960.0 0
644.0 764.0 0
371.0 491.0 0
0.0 918.0 0
195.0 315.0 0
0.0 917.0 0
174.0 294.0 0
0.0 904.0 0
0.0 909.0 0
0.0 905.0 0
201.0 321.0 0
0.0 914.0 0
0.0 904.0 0
0.0 911.0 0
0.0 925.0 0
375.0 495.0 0
599.0 719.0 0
0.0 931.0 0
0.0 923.0 0
0.0 907.0 0
0.0 929.0 0
0.0 938.0 0
0.0 936.0 0
0.0 892.0 0
0.0 935.0 0
0.0 930.0 0
0.0 917.0 0
359.0 479.0 0
0.0 932.0 0
0.0 945.0 0
0.0 901.0 0
0.0 935.0 0
0.0 36.0555 33.541 31.6228 33.5261 32.3883 39.2938 45.1774 40.05 45.0 45.0444 35.0571 45.0444 38.0526 25.0 20.0 14.1421 18.0278 26.9258 42.4264 20.6155 11.1803 13.0384 57.0088 14.7648 19.2354 32.2025 38.2099 17.8885 4.24264 48.1664 14.1421 20.5183
46.0555 10.0 56.0977 51.2311 51.7612 47.0 53.8634 88.7464 83.3757 87.6209 87.1298 77.4463 88.1601 81.4703 60.2494 40.0 32.3607 64.0833 65.9017 70.8276 65.9017 52.72 57.8539 86.4853 47.6563 61.8652 66.0089 66.5685 32.3607 47.1214 74.0312 38.6356 55.3982
43.541 56.0977 10.0 15.0 15.3852 20.198 19.434 55.3431 50.6079 52.4264 51.0366 44.4093 53.8634 49.4081 25.8114 28.0278 42.0156 50.0 32.3607 25.0 45.3553 35.4951 41.0644 40.4138 28.7883 37.2947 25.5563 21.1803 36.9258 39.5466 28.0278 33.3452 26.0
41.6228 51.2311 15.0 10.0 12.0 15.3852 18.0 58.7955 53.8634 56.0977 54.8219 47.5366 57.4236 52.5206 28.0278 24.1421 38.2843 50.3113 35.0 30.0 46.4005 35.0 41.1448 45.3553 27.2627 38.4605 29.4165 26.1245 32.8035 37.8927 32.8035 30.0 26.7631
43.5261 51.7612 15.3852 12.0 10.0 15.0 16.0 60.2096 55.3431 57.4236 56.0977 49.0512 58.7955 54.0454 29.7231 25.6205 39.7321 52.2966 36.6271 30.0998 48.3275 37.0 43.1361 45.1283 29.2354 40.3645 30.6155 26.4924 34.0832 39.8329 32.3607 31.6333 28.6815
42.3883 47.0 20.198 15.3852 15.0 10.0 17.8102 63.8145 58.7955 61.225 60.0 52.4264 62.4976 57.3814 32.6716 23.0 36.6271 53.1741 39.7321 35.0799 49.9249 37.4591 43.9559 50.1123 29.105 42.2025 34.6982 31.3776 30.6155 39.0689 37.2947 29.3132 30.5913
49.2938 53.8634 19.434 18.0 16.0 17.8102 10.0 64.6717 60.0 61.6624 60.2096 53.8292 63.1507 58.8262 35.0799 30.5913 44.4093 58.2597 41.7648 31.5407 54.1475 43.0 49.1152 45.1283 35.1794 46.1386 34.8395 28.868 38.4253 45.6931 32.0907 36.8328 34.5153
55.1774 88.7464 55.3431 58.7955 60.2096 63.8145 64.6717 10.0 15.3852 14.0 16.0 21.6619 12.0 17.2801 41.4006 61.0 66.7539 40.5941 34.4131 47.1618 35.02 46.1386 42.1403 49.0 51.6293 36.9258 39.8329 47.2156 66.648 52.5793 52.0595 60.3289 44.9857
50.05 83.3757 50.6079 53.8634 55.3431 58.7955 60.0 15.3852 10.0 15.3852 16.4031 16.4031 15.0 12.0 36.2488 55.6508 61.4198 36.2488 29.2094 43.5261 30.2237 40.8058 37.0185 47.3363 46.2491 31.587 35.2389 43.1059 61.264 47.3363 48.833 54.9444 39.6816
55.0 87.6209 52.4264 56.0977 57.4236 61.225 61.6624 14.0 15.3852 10.0 12.0 20.198 12.0 17.2801 39.1548 59.2443 65.9017 41.6228 32.3607 43.541 35.4951 45.3553 42.0156 45.0 50.1622 36.1725 36.8701 43.8378 65.3624 52.107 48.2753 59.0408 43.1059
55.0444 87.1298 51.0366 54.8219 56.0977 60.0 60.2096 16.0 16.4031 12.0 10.0 20.0 14.0 18.0623 38.178 58.4665 65.5788 42.311 31.5407 41.7648 35.9615 45.1283 42.1403 43.0 49.5601 36.0192 35.4951 42.2025 64.8179 52.0119 46.4005 58.5077 42.311
45.0571 77.4463 44.4093 47.5366 49.0512 52.4264 53.8292 21.6619 16.4031 20.198 20.0 10.0 20.7703 15.0 29.8494 49.3573 55.7056 33.3238 22.8062 38.4429 26.5529 35.1794 32.2036 44.4819 40.0832 26.0312 29.2354 37.5136 55.2217 42.0156 44.1321 48.8973 33.3238
55.0444 88.1601 53.8634 57.4236 58.7955 62.4976 63.1507 12.0 15.0 12.0 14.0 20.7703 10.0 17.0 40.2324 60.0899 66.2939 41.0483 33.3238 45.3412 35.1794 45.6931 42.0156 47.0 50.8534 36.4764 38.3196 45.5106 65.9732 52.2966 50.1622 59.6488 44.0
48.0526 81.4703 49.4081 52.5206 54.0454 57.3814 58.8262 17.2801 12.0 17.2801 18.0623 15.0 17.0 10.0 34.7588 53.909 59.4773 34.3516 27.6918 42.9848 28.2483 38.8617 35.02 47.6563 44.4384 29.6469 34.1868 42.311 59.3964 45.3553 48.4708 53.0813 38.0179
35.0 60.2494 25.8114 28.0278 29.7231 32.6716 35.0799 41.4006 36.2488 39.1548 38.178 29.8494 40.2324 34.7588 10.0 30.6155 40.4138 35.4951 17.0711 28.0278 30.0 24.1421 27.4642 42.0156 23.1529 22.0416 17.2111 24.3178 38.0179 30.8087 34.1868 32.0227 15.099
30.0 40.0 28.0278 24.1421 25.6205 23.0 30.5913 61.0 55.6508 59.2443 58.4665 49.3573 60.0899 53.909 30.6155 10.0 24.1421 43.541 36.9258 41.6228 42.0156 28.0278 34.6982 57.4342 19.8995 35.4951 36.0192 37.2029 18.9443 27.2627 45.7771 16.3246 26.1555
24.1421 32.3607 42.0156 38.2843 39.7321 36.6271 44.4093 66.7539 61.4198 65.9017 65.5788 55.7056 66.2939 59.4773 40.4138 24.1421 10.0 42.0156 45.0 54.7214 43.541 30.6155 35.4951 70.4152 27.2627 39.8329 47.108 50.2492 16.3246 24.7648 59.3964 18.9443 35.318
28.0278 64.0833 50.0 50.3113 52.2966 53.1741 58.2597 40.5941 36.2488 41.6228 42.311 33.3238 41.0483 34.3516 35.4951 43.541 42.0156 10.0 32.3607 52.72 17.0711 25.8114 19.2195 64.0833 34.3516 23.6015 41.0161 49.5601 44.7131 27.6918 59.0408 39.4109 34.0
36.9258 65.9017 32.3607 35.0 36.6271 39.7321 41.7648 34.4131 29.2094 32.3607 31.5407 22.8062 33.3238 27.6918 17.0711 36.9258 45.0 32.3607 10.0 30.6155 25.8114 25.8114 26.2788 42.0156 28.2483 19.2195 19.0554 28.0278 43.541 33.0868 36.9258 37.2947 20.7703
52.4264 70.8276 25.0 30.0 30.0998 35.0799 31.5407 47.1618 43.5261 43.541 41.7648 38.4429 45.3412 42.9848 28.0278 41.6228 54.7214 52.72 30.6155 10.0 46.4005 42.0156 45.3553 25.8114 38.6007 39.1548 21.7047 14.4721 50.4969 48.1838 16.3246 45.7771 31.9317
30.6155 65.9017 45.3553 46.4005 48.3275 49.9249 54.1475 35.02 30.2237 35.4951 35.9615 26.5529 35.1794 28.2483 30.0 42.0156 43.541 17.0711 25.8114 46.4005 10.0 24.1421 18.0623 57.1699 32.2036 18.0623 34.7386 43.541 45.0 28.7883 52.72 39.0689 29.6469
21.1803 52.72 35.4951 35.0 37.0 37.4591 43.0 46.1386 40.8058 45.3553 45.1283 35.1794 45.6931 38.8617 24.1421 28.0278 30.6155 25.8114 25.8114 42.0156 24.1421 10.0 16.7082 56.0977 18.544 19.2195 31.2603 38.0179 31.095 17.2801 48.0132 25.0 20.2956
23.0384 57.8539 41.0644 41.1448 43.1361 43.9559 49.1152 42.1403 37.0185 42.0156 42.1403 32.2036 42.0156 35.02 27.4642 34.6982 35.4951 19.2195 26.2788 45.3553 18.0623 16.7082 10.0 58.1664 25.2315 17.2111 33.8537 41.7805 37.0185 20.7703 51.5933 31.2132 25.1327
67.0088 86.4853 40.4138 45.3553 45.1283 50.1123 45.1283 49.0 47.3363 45.0 43.0 44.4819 47.0 47.6563 42.0156 57.4342 70.4152 64.0833 42.0156 25.8114 57.1699 56.0977 58.1664 10.0 53.909 51.2311 34.8395 30.2485 66.3028 62.8015 23.0384 61.4782 46.6197
24.7648 47.6563 28.7883 27.2627 29.2354 29.105 35.1794 51.6293 46.2491 50.1622 49.5601 40.0832 50.8534 44.4384 23.1529 19.8995 27.2627 34.3516 28.2483 38.6007 32.2036 18.544 25.2315 53.909 10.0 25.6205 29.9249 34.2074 25.2971 20.7703 43.9706 19.0554 18.0623
29.2354 61.8652 37.2947 38.4605 40.3645 42.2025 46.1386 36.9258 31.587 36.1725 36.0192 26.0312 36.4764 29.6469 22.0416 35.4951 39.8329 23.6015 19.2195 39.1548 18.0623 19.2195 17.2111 51.2311 25.6205 10.0 27.4642 35.9615 39.9666 26.0 45.4683 33.7065 21.7047
42.2025 66.0089 25.5563 29.4165 30.6155 34.6982 34.8395 39.8329 35.2389 36.8701 35.4951 29.2354 38.3196 34.1868 17.2111 36.0192 47.108 41.0161 19.0554 21.7047 34.7386 31.2603 33.8537 34.8395 29.9249 27.4642 10.0 19.0 44.1321 38.0179 28.0278 38.4429 22.083
48.2099 66.5685 21.1803 26.1245 26.4924 31.3776 28.868 47.2156 43.1059 43.8378 42.2025 37.5136 45.5106 42.311 24.3178 37.2029 50.2492 49.5601 28.0278 14.4721 43.541 38.0179 41.7805 30.2485 34.2074 35.9615 19.0 10.0 46.0555 43.9706 20.0 41.305 27.8045
27.8885 32.3607 36.9258 32.8035 34.0832 30.6155 38.4253 66.648 61.264 65.3624 64.8179 55.2217 65.9732 59.3964 38.0179 18.9443 16.3246 44.7131 43.541 50.4969 45.0 31.095 37.0185 66.3028 25.2971 39.9666 44.1321 46.0555 10.0 27.0294 54.7214 16.3246 33.0868
14.2426 47.1214 39.5466 37.8927 39.8329 39.0689 45.6931 52.5793 47.3363 52.107 52.0119 42.0156 52.2966 45.3553 30.8087 27.2627 24.7648 27.6918 33.0868 48.1838 28.7883 17.2801 20.7703 62.8015 20.7703 26.0 38.0179 43.9706 27.0294 10.0 53.9318 22.083 26.2788
58.1664 74.0312 28.0278 32.8035 32.3607 37.2947 32.0907 52.0595 48.833 48.2753 46.4005 44.1321 50.1622 48.4708 34.1868 45.7771 59.3964 59.0408 36.9258 16.3246 52.72 48.0132 51.5933 23.0384 43.9706 45.4683 28.0278 20.0 54.7214 53.9318 10.0 50.4969 37.8029
24.1421 38.6356 33.3452 30.0 31.6333 29.3132 36.8328 60.3289 54.9444 59.0408 58.5077 48.8973 59.6488 53.0813 32.0227 16.3246 18.9443 39.4109 37.2947 45.7771 39.0689 25.0 31.2132 61.4782 19.0554 33.7065 38.4429 41.305 16.3246 22.083 50.4969 10.0 27.0
30.5183 55.3982 26.0 26.7631 28.6815 30.5913 34.5153 44.9857 39.6816 43.1059 42.311 33.3238 44.0 38.0179 15.099 26.1555 35.318 34.0 20.7703 31.9317 29.6469 20.2956 25.1327 46.6197 18.0623 21.7047 22.083 27.8045 33.0868 26.2788 37.8029 27.0 10.0
