13
0.0 960.0 0
43.0 186.0 0
308.0 368.0 0
46.0 201.0 0
339.0 438.0 0
377.0 494.0 0
33.0 166.0 0
247.0 307.0 0
214.0 421.0 0
187.0 247.0 0
191.0 410.0 0
27.0 507.0 0
14.0 74.0 0
0.0 43.0116 37.2022 36.0555 40.3113 30.8058 33.541 35.3412 15.8114 9.21954 25.4951 27.4591 14.7648 17.1172
53.0116 10.0 15.831 17.0711 15.0 22.2066 21.1803 20.4403 38.2843 57.3814 40.0 30.0998 53.6807 47.855
47.2022 15.831 10.0 12.0 15.3852 16.4031 17.0 17.2801 32.6716 51.7732 35.1794 25.0333 48.0789 42.3883
46.0555 17.0711 12.0 10.0 15.0 15.3852 15.0 15.3852 31.2132 50.3113 35.4951 25.2971 47.6563 42.1403
50.3113 15.0 15.3852 15.0 10.0 20.198 17.0711 15.831 35.0 53.9318 40.4138 30.2237 52.5793 47.1214
40.8058 22.2066 16.4031 15.3852 20.198 10.0 15.831 17.6158 26.4012 45.4683 31.1896 21.1803 42.3883 37.0185
43.541 21.1803 17.0 15.0 17.0711 15.831 10.0 12.0 28.0278 46.8782 36.9258 27.0 47.054 42.0624
45.3412 20.4403 17.2801 15.3852 15.831 17.6158 12.0 10.0 29.7231 48.4187 38.7924 28.7883 49.0512 44.0588
25.8114 38.2843 32.6716 31.2132 35.0 26.4012 28.0278 29.7231 10.0 29.105 32.3607 28.0 33.4094 30.8087
19.2195 57.3814 51.7732 50.3113 53.9318 45.4683 46.8782 48.4187 29.105 10.0 44.1321 44.5398 33.7697 36.3059
35.4951 40.0 35.1794 35.4951 40.4138 31.1896 36.9258 38.7924 32.3607 44.1321 10.0 20.198 26.9706 20.6301
37.4591 30.0998 25.0333 25.2971 30.2237 21.1803 27.0 28.7883 28.0 44.5398 20.198 10.0 34.1661 28.0278
24.7648 53.6807 48.0789 47.6563 52.5793 42.3883 47.054 49.0512 33.4094 33.7697 26.9706 34.1661 10.0 16.4031
27.1172 47.855 42.3883 42.1403 47.1214 37.0185 42.0624 44.0588 30.8087 36.3059 20.6301 28.0278 16.4031 10.0
