26
0.0 960.0 0
225.0 285.0 0
683.0 743.0 0
204.0 264.0 0
204.0 425.0 0
698.0 827.0 0
306.0 483.0 0
199.0 428.0 0
494.0 699.0 0
45.0 525.0 0
383.0 486.0 0
231.0 291.0 0
37.0 177.0 0
460.0 539.0 0
273.0 498.0 0
560.0 673.0 0
342.0 571.0 0
42.0 522.0 0
623.0 884.0 0
570.0 681.0 0
780.0 930.0 0
675.0 735.0 0
57.0 537.0 0
298.0 358.0 0
425.0 485.0 0
20.0 500.0 0
0.0 33.5261 38.0789 39.2938 41.2311 40.3113 45.1774 40.05 35.0571 45.0 35.0 45.0444 37.7359 38.0526 33.541 18.0278 26.9258 42.4264 26.9258 13.0384 19.6469 36.0555 57.0088 42.9418 27.0185 20.6155 48.1664
43.5261 10.0 15.831 16.0 18.0 19.434 60.2096 55.3431 52.2019 57.4236 50.6079 56.0977 53.6807 54.0454 61.0784 52.2966 36.6271 30.0998 31.1896 43.1361 49.6232 33.3238 45.1283 69.0593 60.2195 58.0937 32.3607
48.0789 15.831 10.0 15.831 17.0711 21.1803 59.2037 54.6542 52.0595 56.0977 50.3113 54.5982 59.3356 53.566 62.2015 55.0 36.9258 25.8114 36.9258 46.0555 55.3431 31.2132 40.0 69.6154 62.345 61.0392 27.0294
49.2938 16.0 15.831 10.0 12.0 15.3852 64.6717 60.0 57.1699 61.6624 55.4863 60.2096 55.6946 58.8262 66.648 58.2597 41.7648 31.5407 33.8537 49.1152 53.9318 36.9072 45.1283 74.405 66.0892 64.0833 32.0907
51.2311 18.0 17.0711 12.0 10.0 15.0 66.2228 61.614 58.8774 63.1507 57.1699 61.6624 56.5188 60.4777 68.5235 60.2494 43.541 32.3607 35.0 51.1096 55.4533 38.2843 45.3553 76.2118 68.0517 66.0803 32.3607
50.3113 19.434 21.1803 15.3852 15.0 10.0 69.4643 64.6717 61.614 66.5685 60.0 65.1725 52.0595 63.4135 70.4152 60.9902 46.0555 36.9258 31.2132 51.7732 52.4382 42.0156 50.3113 78.4763 69.203 66.5685 37.2947
55.1774 60.2096 59.2037 64.6717 66.2228 69.4643 10.0 15.3852 20.198 14.0 20.7703 16.0 90.6536 17.2801 28.6011 40.5941 34.4131 47.1618 72.1772 42.1403 74.6297 38.3019 49.0 27.4642 37.2947 44.176 52.0595
50.05 55.3431 54.6542 60.0 61.614 64.6717 15.3852 10.0 15.0 15.3852 15.3852 16.4031 85.2861 12.0 26.4012 36.2488 29.2094 43.5261 66.8243 37.0185 69.4138 34.1661 47.3363 28.1108 34.2074 40.4138 48.833
45.0571 52.2019 52.0595 57.1699 58.8774 61.614 20.198 15.0 10.0 20.198 12.0 20.7703 80.5195 13.0 23.9284 31.5407 25.6205 42.3883 62.4786 32.0227 64.4518 32.561 48.3275 28.2483 30.5183 36.0768 48.1182
55.0 57.4236 56.0977 61.6624 63.1507 66.5685 14.0 15.3852 20.198 10.0 20.0 12.0 89.555 17.2801 31.2132 41.6228 32.3607 43.541 70.4152 42.0156 74.195 35.0 45.0 31.1896 39.4109 45.7771 48.2753
45.0 50.6079 50.3113 55.4863 57.1699 60.0 20.7703 15.3852 12.0 20.0 10.0 20.198 79.9214 13.6056 25.8114 32.3607 24.1421 40.4138 61.4782 32.0227 64.231 30.6155 46.4005 30.2237 32.0227 37.2029 46.1248
55.0444 56.0977 54.5982 60.2096 61.6624 65.1725 16.0 16.4031 20.7703 12.0 20.198 10.0 89.0759 18.0623 32.6716 42.311 31.5407 41.7648 69.6154 42.1403 74.0703 33.4307 43.0 33.0868 40.6105 46.7151 46.4005
47.7359 53.6807 59.3356 55.6946 56.5188 52.0595 90.6536 85.2861 80.5195 89.555 79.9214 89.0759 10.0 83.3757 81.1969 65.7584 67.8705 72.8013 32.561 59.6588 29.8494 72.0 88.4474 90.6226 74.6375 67.6281 75.9697
48.0526 54.0454 53.566 58.8262 60.4777 63.4135 17.2801 12.0 13.0 17.2801 13.6056 18.0623 83.3757 10.0 25.2643 34.3516 27.6918 42.9848 65.0727 35.02 67.4282 33.4094 47.6563 28.0 32.6716 38.6531 48.4708
43.541 61.0784 62.2015 66.648 68.5235 70.4152 28.6011 26.4012 23.9284 31.2132 25.8114 32.6716 81.1969 25.2643 10.0 25.8114 35.4951 55.0 66.5685 32.0227 62.9245 45.0 62.2015 19.434 19.2195 27.0294 61.0392
28.0278 52.2966 55.0 58.2597 60.2494 60.9902 40.5941 36.2488 31.5407 41.6228 32.3607 42.311 65.7584 34.3516 25.8114 10.0 32.3607 52.72 53.0116 19.2195 47.1618 43.541 64.0833 35.0799 19.2195 16.3246 59.0408
36.9258 36.6271 36.9258 41.7648 43.541 46.0555 34.4131 29.2094 25.6205 32.3607 24.1421 31.5407 67.8705 27.6918 35.4951 32.3607 10.0 30.6155 48.0789 26.2788 54.2832 21.1803 42.0156 42.6956 37.2947 38.6356 36.9258
52.4264 30.0998 25.8114 31.5407 32.3607 36.9258 47.1618 43.5261 42.3883 43.541 40.4138 41.7648 72.8013 42.9848 55.0 52.72 30.6155 10.0 50.3113 45.3553 65.0091 20.0 25.8114 60.636 57.8539 59.0408 16.3246
36.9258 31.1896 36.9258 33.8537 35.0 31.2132 72.1772 66.8243 62.4786 70.4152 61.4782 69.6154 32.561 65.0727 66.5685 53.0116 48.0789 50.3113 10.0 44.7131 31.9317 50.3113 65.9017 75.7951 62.2015 57.0106 53.4166
23.0384 43.1361 46.0555 49.1152 51.1096 51.7732 42.1403 37.0185 32.0227 42.0156 32.0227 42.1403 59.6588 35.02 32.0227 19.2195 26.2788 45.3553 44.7131 10.0 42.5576 37.0185 58.1664 41.4006 27.8885 25.0 51.5933
29.6469 49.6232 55.3431 53.9318 55.4533 52.4382 74.6297 69.4138 64.4518 74.195 64.231 74.0703 29.8494 67.4282 62.9245 47.1618 54.2832 65.0091 31.9317 42.5576 10.0 61.2445 80.6824 72.2415 55.6508 48.2753 69.6825
46.0555 33.3238 31.2132 36.9072 38.2843 42.0156 38.3019 34.1661 32.561 35.0 30.6155 33.4307 72.0 33.4094 45.0 43.541 21.1803 20.0 50.3113 37.0185 61.2445 10.0 31.2132 50.7922 48.0789 49.8121 26.1245
67.0088 45.1283 40.0 45.1283 45.3553 50.3113 49.0 47.3363 48.3275 45.0 46.4005 43.0 88.4474 47.6563 62.2015 64.0833 42.0156 25.8114 65.9017 58.1664 80.6824 31.2132 10.0 65.4437 67.2713 70.208 23.0384
52.9418 69.0593 69.6154 74.405 76.2118 78.4763 27.4642 28.1108 28.2483 31.1896 30.2237 33.0868 90.6226 28.0 19.434 35.0799 42.6956 60.636 75.7951 41.4006 72.2415 50.7922 65.4437 10.0 27.2627 35.318 66.3205
37.0185 60.2195 62.345 66.0892 68.0517 69.203 37.2947 34.2074 30.5183 39.4109 32.0227 40.6105 74.6375 32.6716 19.2195 19.2195 37.2947 57.8539 62.2015 27.8885 55.6508 48.0789 67.2713 27.2627 10.0 18.0623 64.1295
30.6155 58.0937 61.0392 64.0833 66.0803 66.5685 44.176 40.4138 36.0768 45.7771 37.2029 46.7151 67.6281 38.6531 27.0294 16.3246 38.6356 59.0408 57.0106 25.0 48.2753 49.8121 70.208 35.318 18.0623 10.0 65.3624
58.1664 32.3607 27.0294 32.0907 32.3607 37.2947 52.0595 48.833 48.1182 48.2753 46.1248 46.4005 75.9697 48.4708 61.0392 59.0408 36.9258 16.3246 53.4166 51.5933 69.6825 26.1245 23.0384 66.3205 64.1295 65.3624 10.0
