28
57.0 600.0 0
52.0 536.0 0
50.0 534.0 0
51.0 602.0 0
410.0 905.0 0
43.0 617.0 0
410.0 823.0 0
114.0 561.0 0
36.0 658.0 0
191.0 586.0 0
201.0 670.0 0
33.0 568.0 0
429.0 838.0 0
49.0 504.0 0
448.0 873.0 0
110.0 525.0 0
29.0 548.0 0
20.0 498.0 0
11.0 530.0 0
81.0 520.0 0
27.0 622.0 0
444.0 942.0 0
249.0 580.0 0
19.0 566.0 0
204.0 633.0 0
373.0 928.0 0
265.0 638.0 0
418.0 825.0 0
0.0 57.0088 52.2015 50.2892 51.4782 44.2041 43.0116 40.6079 37.2022 36.0555 40.3113 30.8058 33.541 38.0789 35.3412 18.0278 15.8114 29.1548 20.6155 11.1803 25.4951 27.4591 7.61577 12.0416 19.2354 4.24264 21.095 17.1172 15.5242
67.0088 10.0 15.0 17.0 24.1421 67.3062 68.3095 65.7584 65.8032 67.0088 71.0328 64.4885 70.208 74.0312 71.7171 57.1699 68.3095 40.0 60.2494 70.208 46.0555 53.8634 59.4773 61.4296 68.1378 69.2284 48.0132 50.1622 54.2832
62.2015 15.0 10.0 12.0 21.1803 65.0364 65.9017 63.2353 63.0 64.0833 68.3095 61.225 67.0088 71.0328 68.6003 53.0116 64.0833 35.0 55.2769 65.2268 42.0156 50.3609 54.643 57.0106 63.1507 64.3415 43.6155 45.4683 49.8246
60.2892 17.0 12.0 10.0 20.4403 64.231 65.0364 62.3259 61.9711 63.0 67.3062 60.0 65.8032 69.9083 67.4282 51.4005 62.4309 33.0 53.2897 63.2353 40.4795 49.0512 52.72 55.2769 61.1566 62.3927 41.9061 43.6155 48.0789
61.4782 24.1421 21.1803 20.4403 10.0 72.6418 73.2456 70.407 69.6154 70.4152 75.0 66.8243 72.6498 77.082 74.4127 56.0977 66.5685 32.3607 50.3113 62.2015 46.0555 55.6508 53.909 58.8365 58.3735 62.8015 46.1248 46.2353 51.7253
54.2041 67.3062 65.0364 64.231 72.6418 10.0 12.0 13.6056 17.0711 18.6023 17.0 23.4536 23.0 22.0 22.3693 37.7308 39.7321 60.04 69.2368 65.2178 40.0666 30.3961 52.9418 42.45 71.7738 58.4149 43.541 48.3275 43.2415
53.0116 68.3095 65.9017 65.0364 73.2456 12.0 10.0 13.0 15.831 17.0711 15.0 22.2066 21.1803 20.0 20.4403 36.9258 38.2843 60.0 68.5235 64.0833 40.0 30.0998 52.0476 41.3847 70.8276 57.2017 43.2415 47.855 42.573
50.6079 65.7584 63.2353 62.3259 70.407 13.6056 13.0 10.0 13.6056 15.3852 15.831 19.8995 20.198 20.4403 20.0 34.1661 36.2488 57.0 65.7136 61.614 37.0 27.1172 49.3573 38.8444 68.1808 54.8219 40.2655 44.9285 39.7321
47.2022 65.8032 63.0 61.9711 69.6154 17.0711 15.831 13.6056 10.0 12.0 15.3852 16.4031 17.0 18.6023 17.2801 31.1896 32.6716 55.0999 62.811 58.2597 35.1794 25.0333 46.2491 35.5539 65.0091 51.4005 38.0179 42.3883 36.9258
46.0555 67.0088 64.0833 63.0 70.4152 18.6023 17.0711 15.3852 12.0 10.0 15.0 15.3852 15.0 17.0711 15.3852 30.6155 31.2132 55.2769 62.2015 57.1699 35.4951 25.2971 45.4683 34.5967 64.1295 50.2244 38.0179 42.1403 36.4764
50.3113 71.0328 68.3095 67.3062 75.0 17.0 15.0 15.831 15.3852 15.0 10.0 20.198 17.0711 15.0 15.831 35.4951 35.0 60.2494 67.0088 61.4782 40.4138 30.2237 50.1622 39.1548 68.6941 54.4185 43.0151 47.1214 41.4006
40.8058 64.4885 61.225 60.0 66.8243 23.4536 22.2066 19.8995 16.4031 15.3852 20.198 10.0 15.831 20.4403 17.6158 25.2971 26.4012 50.6079 56.8402 51.8808 31.1896 21.1803 40.0832 29.2354 58.7545 45.0 33.1948 37.0185 31.2132
43.541 70.208 67.0088 65.8032 72.6498 23.0 21.1803 20.198 17.0 15.0 17.0711 15.831 10.0 15.0 12.0 30.0 28.0278 56.0977 60.9902 54.7214 36.9258 27.0 43.9559 32.8035 62.2015 47.5899 38.6356 42.0624 36.0
48.0789 74.0312 71.0328 69.9083 77.082 22.0 20.0 20.4403 18.6023 17.0711 15.0 20.4403 15.0 10.0 13.0 35.0 32.3607 60.9902 65.9017 59.2443 41.6228 31.5407 48.833 37.6586 66.921 52.0476 43.541 47.054 41.0
45.3412 71.7171 68.6003 67.4282 74.4127 22.3693 20.4403 20.0 17.2801 15.3852 15.831 17.6158 12.0 13.0 10.0 32.0 29.7231 58.0521 62.9528 56.5188 38.7924 28.7883 45.9026 34.7386 64.0833 49.3573 40.5941 44.0588 38.0
28.0278 57.1699 53.0116 51.4005 56.0977 37.7308 36.9258 34.1661 31.1896 30.6155 35.4951 25.2971 30.0 35.0 32.0 10.0 21.1803 36.9258 41.6228 38.2843 21.1803 19.434 25.2643 16.3246 44.1321 32.2036 20.0 22.1655 16.0
25.8114 68.3095 64.0833 62.4309 66.5685 39.7321 38.2843 36.2488 32.6716 31.2132 35.0 26.4012 28.0278 32.3607 29.7231 21.1803 10.0 46.0555 45.0 36.9258 32.3607 28.0 28.1108 18.0623 44.9285 29.6977 30.6155 30.8087 24.8661
39.1548 40.0 35.0 33.0 32.3607 60.04 60.0 57.0 55.0999 55.2769 60.2494 50.6079 56.0977 60.9902 58.0521 36.9258 46.0555 10.0 30.6155 40.4138 30.0 40.0666 31.6333 38.0179 38.2843 40.4631 27.4642 25.2643 31.4709
30.6155 60.2494 55.2769 53.2897 50.3113 69.2368 68.5235 65.7136 62.811 62.2015 67.0088 56.8402 60.9902 65.9017 62.9528 41.6228 45.0 30.6155 10.0 24.1421 42.0156 49.3573 27.1172 38.2843 18.0623 28.7883 37.2029 31.6333 36.0
21.1803 70.208 65.2268 63.2353 62.2015 65.2178 64.0833 61.614 58.2597 57.1699 61.4782 51.8808 54.7214 59.2443 56.5188 38.2843 36.9258 40.4138 24.1421 10.0 43.541 47.5366 23.8924 32.8035 19.2195 17.2801 38.6356 33.4094 34.4131
35.4951 46.0555 42.0156 40.4795 46.0555 40.0666 40.0 37.0 35.1794 35.4951 40.4138 31.1896 36.9258 41.6228 38.7924 21.1803 32.3607 30.0 42.0156 43.541 10.0 20.198 29.6977 26.2788 46.8782 39.1204 15.0 20.6301 20.0499
37.4591 53.8634 50.3609 49.0512 55.6508 30.3961 30.0998 27.1172 25.0333 25.2971 30.2237 21.1803 27.0 31.5407 28.7883 19.434 28.0 40.0666 49.3573 47.5366 20.198 10.0 34.0832 25.6525 52.8019 41.6228 23.1529 28.0278 23.6015
17.6158 59.4773 54.643 52.72 53.909 52.9418 52.0476 49.3573 46.2491 45.4683 50.1622 40.0832 43.9559 48.833 45.9026 25.2643 28.1108 31.6333 27.1172 23.8924 29.6977 34.0832 10.0 21.1803 28.868 20.0 24.8661 20.0499 20.6301
22.0416 61.4296 57.0106 55.2769 58.8365 42.45 41.3847 38.8444 35.5539 34.5967 39.1548 29.2354 32.8035 37.6586 34.7386 16.3246 18.0623 38.0179 38.2843 32.8035 26.2788 25.6525 21.1803 10.0 39.5466 26.2788 23.4164 22.8062 17.2111
29.2354 68.1378 63.1507 61.1566 58.3735 71.7738 70.8276 68.1808 65.0091 64.1295 68.6941 58.7545 62.2015 66.921 64.0833 44.1321 44.9285 38.2843 18.0623 19.2195 46.8782 52.8019 28.868 39.5466 10.0 26.0 41.8904 36.2488 39.2062
14.2426 69.2284 64.3415 62.3927 62.8015 58.4149 57.2017 54.8219 51.4005 50.2244 54.4185 45.0 47.5899 52.0476 49.3573 32.2036 29.6977 40.4631 28.7883 17.2801 39.1204 41.6228 20.0 26.2788 26.0 10.0 34.5153 30.025 29.3132
31.095 48.0132 43.6155 41.9061 46.1248 43.541 43.2415 40.2655 38.0179 38.0179 43.0151 33.1948 38.6356 43.541 40.5941 20.0 30.6155 27.4642 37.2029 38.6356 15.0 23.1529 24.8661 23.4164 41.8904 34.5153 10.0 15.6569 16.3246
27.1172 50.1622 45.4683 43.6155 46.2353 48.3275 47.855 44.9285 42.3883 42.1403 47.1214 37.0185 42.0624 47.054 44.0588 22.1655 30.8087 25.2643 31.6333 33.4094 20.6301 28.0278 20.0499 22.8062 36.2488 30.025 15.6569 10.0 16.3246
25.5242 54.2832 49.8246 48.0789 51.7253 43.2415 42.573 39.7321 36.9258 36.4764 41.4006 31.2132 36.0 41.0 38.0 16.0 24.8661 31.4709 36.0 34.4131 20.0499 23.6015 20.6301 17.2111 39.2062 29.3132 16.3246 16.3246 10.0
